0 46879482
1 4573332385
2 44293483577
3 228994466830
4 179188091313
5 125821992723
6 82432435990
7 60050173631
8 34311461936
9 20168698667
10 12371949161
11 7413062313
12 5085161509
13 2574116008
14 1359030647
15 714871816
16 364354747
17 271556350
18 162047390
19 48322787
20 14685005
21 7924518
22 1907788
23 6426039
24 432045
25 403554
26 178982
27 125008
28 102244
29 61288
30 15983
31 23328
32 10769
33 10755
34 23305
35 59888
36 5917
37 1613
38 2162
39 1702
40 797
41 107554
42 2117
43 932
44 1056567
45 503
46 540
47 836
48 1324
49 577
50 1300
51 644
52 452
53 220
54 277
55 280
56 183
57 251
58 608
59 1603
60 3140
61 299
62 138
63 213
64 439
65 234
66 218
67 460
68 353
69 441
70 272
71 248
72 218
73 206
74 540
75 79
76 168
77 193
78 121
79 145
80 175
81 441
82 121
83 94
84 49
85 93
86 191
87 96
88 365
89 935
90 194
91 413
92 270
93 176
94 4913
95 4831
96 11553
97 10521
98 11175
99 2483
100 499
101 214
102 37
103 58
104 86
105 61
106 102
107 68
108 69
109 74
110 191
111 66
112 107
113 117
114 216
115 245
116 359
117 311
118 360
119 519
120 482
121 717
122 318
123 168
124 207
125 146
126 25
127 12
128 13
129 17
130 28
131 196
132 81
133 85
134 28
135 15
136 42
137 7
138 62
139 19
140 68
141 77
142 40
143 4
144 23
145 25
146 28
147 64
148 34
149 27
150 8
151 27
152 24
153 29
154 13
155 30
156 12
157 25
158 7
159 15
160 25
161 15
162 17
163 30
164 12
165 10
166 3
167 18
168 28
169 20
170 78
171 21
172 7
173 31
174 21
175 15
176 23
177 28
178 6
179 5
180 19
181 23
182 13
183 26
184 12
185 16
186 7
187 64
188 68
189 19
190 23
191 9
192 15
193 8
194 5
195 10
196 8
197 6
198 9
199 4
200 11
201 5
202 8
203 2
204 10
205 10
206 9
207 8
208 10
209 12
210 3
211 6
212 1
213 64
214 58
215 61
216 13
217 10
218 4
219 4
220 9
221 8
222 5
224 6
225 2
226 8
227 65
228 18
229 61
230 19
231 3
232 11
233 10
234 13
235 15
238 10
239 4
240 72
241 13
242 16
243 4
244 5
245 1
246 3
247 9
248 14
249 5
250 2
251 68
252 4
253 8
254 5
255 62
256 5
257 4
258 8
259 8
260 8
261 8
262 72
263 8
264 4
265 6
266 6
267 4
268 1
269 57
270 3
271 56
272 9
273 13
274 5
275 28
276 8
277 12
278 6
279 24
280 4
281 57
282 4
283 2
284 23
285 70
286 14
287 9
288 64
289 6
290 3
291 5
292 59
293 8
294 10
295 9
296 6
297 5
298 7
299 12
300 3
301 13
302 3
303 1
304 13
305 16
306 8
307 13
308 67
309 10
310 7
311 3
312 5
313 9
314 1
315 9
316 16
317 1
318 14
319 5
320 9
321 3
322 7
323 17
324 8
325 12
326 2
327 6
328 4
329 61
330 25
331 5
332 9
333 5
334 9
335 12
336 12
337 17
338 1
339 9
340 66
341 6
342 11
343 3
344 8
345 4
346 59
347 3
349 61
350 9
351 6
352 8
353 4
354 20
356 9
357 4
358 8
359 16
360 12
361 4
362 12
363 8
364 4
365 8
366 8
367 64
368 5
369 4
370 4
371 64
372 4
373 60
374 5
375 4
376 8
377 8
378 16
379 12
380 8
382 8
384 4
386 14
387 4
389 56
390 12
391 9
392 16
393 72
394 4
396 4
397 4
399 4
400 16
401 8
402 12
403 4
404 8
406 56
407 57
409 1
410 56
416 1
418 56
422 56
427 1
432 56
433 1
440 56
444 56
450 56
452 56
453 56
497 56
506 56
512 56
15000 3
