0 334516
1 30760292
2 353329746
3 1644430116
4 1230873727
5 945091295
6 549739272
7 430018442
8 220427932
9 148869027
10 89050196
11 50552611
12 35638474
13 18530606
14 10709250
15 4947298
16 3092883
17 1927516
18 1153473
19 225655
20 142110
21 26764
22 26372
23 40705
24 3666
25 5125
26 1317
27 1801
28 2268
29 1850
30 342
31 763
32 336
33 24
34 148
35 553
37 28
39 2
40 6
41 6422
42 2
43 1
44 10316
45 6
46 5
49 6
50 184
51 1
54 1
55 190
56 3
57 4
59 1
61 3
63 1
65 3
66 2
69 5
70 1
80 4
87 1
88 1
90 1
92 1
94 68
97 68
99 1
109 1
111 4
113 1
114 1
116 3
117 5
118 5
119 2
121 3
122 2
132 4
137 4
159 1
164 1
177 4
186 4
220 1
245 1
310 4
330 1
347 4
351 4
