0 31265543
1 3032970363
2 29533246555
3 152861847120
4 119418105647
5 83815248226
6 55217400373
7 40094670577
8 22894099978
9 13480113610
10 8255717559
11 4937127264
12 3387622378
13 1709762587
14 905132419
15 476306173
16 242643087
17 179913863
18 108228250
19 32320529
20 9415804
21 5474624
22 1274597
23 4267606
24 309834
25 264633
26 115191
27 89136
28 74549
29 39338
30 11319
31 15935
32 7337
33 7221
34 13795
35 38889
36 3804
37 1132
38 1428
39 1109
40 526
41 65243
42 303
43 781
44 678311
45 330
46 338
47 450
48 989
49 391
50 716
51 327
52 333
53 111
54 198
55 142
56 123
57 176
58 385
59 1460
60 2276
61 111
62 64
63 152
64 175
65 154
66 149
67 228
68 272
69 212
70 202
71 227
72 73
73 44
74 231
75 38
76 149
77 152
78 86
79 110
80 55
81 290
82 81
83 61
84 28
85 70
86 160
87 63
88 272
89 476
90 140
91 335
92 105
93 137
94 3542
95 3234
96 7472
97 6158
98 7418
99 1690
100 236
101 79
102 20
103 46
104 76
105 43
106 79
107 30
108 48
109 39
110 171
111 42
112 42
113 64
114 115
115 147
116 264
117 191
118 236
119 389
120 323
121 453
122 230
123 120
124 56
125 9
126 6
127 11
128 13
129 10
130 16
131 196
132 73
133 84
134 7
135 14
136 34
137 7
138 42
139 10
140 68
141 12
142 28
144 23
145 21
146 12
147 8
148 15
149 26
150 7
151 12
152 16
153 15
154 5
155 20
156 12
157 14
158 6
159 15
160 8
161 11
162 5
163 28
164 8
165 8
166 1
167 7
168 20
169 12
170 1
171 7
172 6
173 17
174 8
175 4
176 19
177 14
178 4
180 19
181 19
182 13
183 15
184 8
185 9
186 6
187 8
188 61
189 5
190 19
191 4
192 8
193 4
194 1
195 9
196 3
197 5
198 8
199 4
200 6
201 4
202 4
204 6
205 10
206 5
207 4
208 4
209 12
210 1
211 5
212 1
213 4
214 2
215 61
216 13
217 10
218 4
219 4
220 9
221 8
222 5
224 6
225 2
226 8
227 5
228 18
229 1
230 19
231 2
232 6
233 7
234 9
235 10
238 6
240 60
241 8
242 2
244 5
245 1
247 1
248 10
249 5
250 1
251 64
252 4
254 1
255 62
256 1
258 4
259 4
260 4
261 8
262 68
263 4
264 4
266 5
267 4
268 1
269 57
271 56
272 5
273 5
275 17
276 4
277 6
278 5
279 16
281 57
282 4
283 1
284 19
285 64
286 2
287 3
288 58
289 1
290 2
291 5
292 59
293 5
294 10
295 9
296 4
297 5
298 5
299 11
301 12
302 2
303 1
304 8
305 8
306 4
307 9
308 62
309 10
310 7
311 3
312 4
313 9
314 1
315 9
316 11
317 1
318 5
319 5
320 1
321 2
322 7
323 11
324 3
325 7
327 5
329 5
330 12
331 5
332 4
333 4
334 9
335 12
336 8
337 13
338 1
339 9
340 2
341 2
342 5
343 3
344 4
346 58
347 3
349 4
350 9
351 6
352 4
354 20
356 9
357 4
358 4
359 12
360 8
361 4
362 12
363 4
364 4
365 4
366 8
367 4
368 5
369 4
371 60
372 4
373 4
375 4
376 8
377 4
378 16
379 8
380 4
382 8
384 4
386 14
390 8
391 9
392 8
393 68
394 4
397 4
399 4
400 8
401 4
402 8
404 8
406 56
407 56
416 1
418 56
422 56
427 1
432 56
433 1
440 56
444 56
450 56
453 56
506 56
512 56
15000 3
