0 25630404
2 368160
4 143910
6 83306
8 45904
10 23118
12 19964
14 13233
16 10138
18 8613
20 7439
22 5316
24 4523
26 2914
28 2603
30 2154
32 1946
34 1648
36 1721
38 1250
40 1338
42 1293
44 1140
46 836
48 946
50 700
52 811
54 730
56 646
58 486
60 566
62 394
64 431
66 391
68 381
70 324
72 367
74 268
76 290
78 215
80 272
82 209
84 221
86 196
88 167
90 172
92 180
94 189
96 212
98 115
100 139
102 151
104 175
106 126
108 156
110 147
112 162
114 121
116 119
118 100
120 125
122 106
124 84
126 86
128 75
130 65
132 108
134 64
136 91
138 87
140 81
142 65
144 98
146 58
148 85
150 81
152 56
154 62
156 51
158 58
160 56
162 72
164 147
166 37
168 61
170 37
172 53
174 43
176 55
178 41
180 50
182 42
184 35
186 57
188 34
190 30
192 35
194 26
196 45
198 35
200 38
202 27
204 45
206 32
208 27
210 35
212 34
214 34
216 48
218 32
220 43
222 35
224 24
226 33
228 37
230 27
232 36
234 61
236 93
238 29
240 52
242 29
244 36
246 35
248 27
250 21
252 31
254 20
256 33
258 20
260 27
262 19
264 30
266 16
268 24
270 22
272 21
274 26
276 56
278 19
280 29
282 30
284 23
286 18
288 28
290 12
292 9
294 19
296 15
298 19
300 19
302 19
304 16
306 20
308 13
310 27
312 19
314 10
316 18
318 14
320 23
322 15
324 10
326 17
328 7
330 7
332 11
334 8
336 13
338 8
340 8
342 12
344 9
346 12
348 13
350 12
352 10
354 17
356 9
358 11
360 15
362 6
364 8
366 5
368 8
370 14
372 12
374 10
376 11
378 12
380 8
382 4
384 12
386 4
388 13
390 9
392 13
394 7
396 8
398 13
400 11
402 5
404 8
406 4
408 8
410 2
412 8
414 6
416 11
418 4
420 8
422 8
424 6
426 6
428 7
430 6
432 11
434 10
436 4
438 5
440 10
442 4
444 8
446 5
448 9
450 7
452 6
454 6
456 1
458 7
460 6
462 6
464 6
466 4
468 10
470 11
472 10
474 3
476 6
478 1
480 9
482 3
484 3
486 10
488 8
490 5
492 9
494 7
496 2
498 4
500 4
502 5
504 2
506 5
508 6
510 5
512 4
514 5
516 5
518 7
520 4
522 6
524 5
526 3
528 4
530 5
532 5
534 5
536 4
538 5
540 6
542 5
544 6
546 5
548 1
550 3
552 5
554 3
556 5
558 1
560 3
562 3
564 5
566 5
568 2
570 5
572 2
574 1
576 1
578 2
580 2
582 4
584 4
586 1
588 4
590 3
592 5
594 6
596 1
598 3
600 5
602 1
604 2
606 2
608 2
610 3
612 2
614 3
616 6
618 3
620 4
622 3
624 4
626 2
628 6
630 4
632 3
636 4
638 3
640 5
642 2
644 3
646 2
648 9
650 3
652 7
654 4
656 3
658 1
660 2
662 1
664 4
666 1
668 2
670 3
672 5
674 2
676 5
678 1
680 4
682 5
684 2
686 1
688 3
690 5
692 3
694 1
698 2
700 3
702 3
704 3
706 3
708 1
712 2
714 2
718 1
720 8
722 1
724 2
726 2
728 1
730 1
732 1
734 2
736 7
738 2
740 1
742 3
744 2
746 1
748 4
750 1
752 3
754 3
756 2
758 2
760 2
762 2
764 1
766 1
768 1
770 2
772 2
774 3
776 4
780 4
782 2
784 5
786 1
790 3
792 4
794 2
798 3
802 2
804 1
806 3
810 1
812 1
814 6
816 3
818 3
820 3
822 1
824 1
826 2
828 2
830 3
832 4
836 1
840 2
842 2
844 2
846 2
852 3
856 3
858 4
860 4
862 1
870 1
874 2
876 2
878 1
882 1
884 1
888 1
892 6
896 1
898 3
904 4
906 5
908 2
910 1
912 1
914 1
916 1
918 1
920 1
922 2
924 2
926 2
928 3
930 1
934 3
940 1
942 2
944 1
946 3
948 3
954 2
956 1
958 2
960 1
962 1
964 1
970 3
972 1
974 2
980 1
984 1
988 22
990 3
992 1
994 1
1000 2
1002 1
1004 3
1006 4
1010 2
1014 1
1016 2
1020 2
1022 1
1024 2
1026 2
1028 2
1030 2
1032 1
1034 2
1038 3
1040 2
1042 2
1044 1
1046 1
1048 1
1050 2
1052 2
1054 2
1056 1
1058 1
1062 1
1068 4
1070 3
1078 2
1080 1
1082 1
1084 2
1088 1
1092 2
1096 1
1098 1
1102 1
1104 2
1108 2
1112 1
1114 2
1120 2
1122 1
1124 1
1126 1
1132 1
1134 1
1138 2
1144 1
1146 2
1148 5
1150 1
1152 1
1154 2
1158 3
1160 1
1164 1
1166 2
1170 1
1174 1
1180 2
1186 2
1188 1
1190 2
1192 1
1196 2
1212 1
1214 1
1222 2
1224 1
1228 1
1234 1
1236 1
1242 1
1246 1
1250 1
1252 1
1254 1
1258 1
1260 3
1264 1
1266 1
1270 1
1272 1
1278 1
1282 1
1284 3
1288 1
1314 1
1320 1
1322 1
1324 1
1332 2
1336 1
1338 1
1342 1
1348 1
1352 1
1354 1
1356 2
1364 1
1368 1
1370 1
1374 1
1376 1
1378 1
1384 1
1388 2
1390 1
1392 1
1394 2
1402 1
1404 1
1412 1
1416 1
1426 1
1430 1
1462 2
1464 1
1468 1
1474 1
1476 1
1478 1
1484 1
1488 1
1490 1
1494 1
1496 1
1500 2
1520 2
1528 1
1530 2
1534 1
1538 1
1546 1
1550 1
1556 1
1558 1
1562 1
1564 1
1566 1
1568 2
1596 1
1606 1
1610 1
1612 1
1614 1
1618 1
1632 1
1636 1
1638 1
1656 1
1662 1
1666 2
1670 1
1674 2
1676 2
1680 1
1684 2
1686 1
1700 1
1704 1
1712 1
1730 1
1740 1
1748 1
1750 1
1752 2
1762 1
1766 1
1772 1
1774 1
1776 1
1778 1
1782 1
1790 1
1800 1
1804 3
1806 1
1810 1
1814 2
1818 1
1822 1
1824 1
1838 1
1840 1
1842 1
1848 1
1852 1
1856 2
1866 1
1872 1
1874 2
1884 1
1888 1
1898 1
1900 1
1902 1
1926 1
1940 1
1950 1
1954 1
1984 1
1990 1
1992 1
1996 1
2000 1
2020 1
2030 1
2032 2
2040 1
2044 2
2060 1
2062 1
2094 2
2112 1
2114 2
2118 2
2132 2
2142 1
2146 1
2158 1
2170 1
2174 1
2178 1
2196 1
2210 1
2212 1
2222 1
2228 1
2242 3
2246 2
2272 1
2276 1
2280 1
2298 1
2332 1
2334 1
2342 1
2344 1
2370 1
2376 2
2380 1
2382 1
2384 1
2396 1
2398 1
2400 1
2404 1
2414 1
2416 1
2430 1
2436 2
2438 1
2442 2
2450 1
2454 1
2478 1
2480 2
2490 1
2498 2
2506 1
2542 1
2560 2
2568 1
2584 2
2596 1
2610 2
2642 1
2650 1
2656 1
2668 4
2670 1
2672 2
2674 2
2678 1
2680 4
2682 1
2688 1
2698 1
2704 2
2706 1
2708 1
2710 1
2718 1
2720 1
2746 1
2750 1
2756 1
2776 1
2784 1
2788 1
2792 1
2804 1
2812 1
2826 1
2838 1
2846 2
2850 3
2882 1
2892 1
2916 1
2920 2
2928 1
2930 1
2966 1
2968 1
2986 2
3004 1
3016 1
3022 1
3056 1
3078 2
3080 2
3090 1
3094 2
3096 1
3098 1
3100 1
3110 1
3118 2
3136 3
3138 1
3162 1
3170 1
3190 1
3198 1
3208 1
3210 1
3224 1
3236 1
3250 1
3260 1
3272 2
3274 1
3276 1
3278 2
3280 18
3282 26
3300 1
3310 1
3314 1
3360 1
3372 1
3380 1
3388 1
3392 2
3420 1
3430 1
3554 1
3558 1
3576 1
3600 1
3608 1
3646 1
3690 1
3714 1
3734 1
3760 1
3788 1
3858 1
3866 1
3882 1
3894 1
3904 1
3950 1
4020 1
4050 1
4076 1
4088 1
4092 1
4212 1
4226 1
4238 1
4256 1
4302 1
4304 1
4334 1
4376 1
4384 1
4422 1
4500 2
4510 1
4620 1
4630 1
4652 1
4658 1
4688 1
4726 1
4738 1
4744 1
4752 1
4784 1
4858 1
4916 1
5094 1
5240 1
5266 1
5410 1
5664 1
5678 1
5688 1
5764 1
5766 1
5832 1
5852 1
6094 1
6144 1
6276 1
6320 1
6416 1
6420 1
6456 1
6598 1
6666 2
6734 1
6804 1
6944 1
6970 1
7000 1
7032 2
7200 1
7350 1
7372 1
7388 1
7546 1
7796 1
8010 1
8270 1
8418 1
8768 1
8992 1
9432 1
9662 1
9668 1
10314 2
10380 1
10460 1
10846 1
11172 1
11626 1
11720 1
12358 1
12944 1
13128 1
13430 1
13514 1
15222 1
15772 1
16238 1
16922 1
17404 1
18122 1
20202 1
23132 2
23170 1
23190 1
24206 1
27594 1
28718 1
32334 1
33358 1
36250 1
38548 1
89544 1
115476 1
173402 1
