0 24973329
2 633250
4 462693
6 116363
8 58316
10 28480
12 24247
14 15295
16 11995
18 9676
20 8522
22 6095
24 5595
26 3830
28 3534
30 2803
32 2530
34 2029
36 2150
38 1599
40 1687
42 1484
44 1382
46 973
48 1151
50 824
52 1056
54 855
56 766
58 579
60 686
62 482
64 548
66 472
68 475
70 396
72 473
74 323
76 377
78 277
80 355
82 261
84 305
86 247
88 291
90 234
92 248
94 233
96 272
98 142
100 202
102 189
104 217
106 157
108 194
110 175
112 209
114 157
116 144
118 129
120 176
122 130
124 125
126 112
128 102
130 89
132 140
134 87
136 117
138 112
140 101
142 85
144 124
146 84
148 122
150 94
152 80
154 73
156 77
158 75
160 78
162 97
164 152
166 68
168 83
170 61
172 68
174 47
176 73
178 46
180 61
182 63
184 49
186 79
188 47
190 43
192 43
194 41
196 62
198 44
200 50
202 48
204 63
206 46
208 41
210 46
212 48
214 41
216 63
218 39
220 50
222 47
224 36
226 40
228 46
230 30
232 42
234 67
236 105
238 35
240 70
242 37
244 50
246 40
248 30
250 29
252 34
254 23
256 37
258 28
260 36
262 28
264 41
266 22
268 26
270 25
272 28
274 30
276 61
278 25
280 33
282 33
284 29
286 22
288 35
290 15
292 27
294 27
296 18
298 22
300 26
302 20
304 20
306 28
308 19
310 32
312 27
314 12
316 25
318 18
320 27
322 17
324 12
326 19
328 18
330 10
332 18
334 10
336 15
338 9
340 13
342 14
344 16
346 13
348 13
350 12
352 15
354 17
356 11
358 14
360 18
362 8
364 11
366 14
368 16
370 17
372 16
374 10
376 14
378 13
380 15
382 8
384 15
386 11
388 18
390 11
392 14
394 7
396 13
398 16
400 14
402 7
404 15
406 5
408 11
410 4
412 11
414 7
416 17
418 4
420 11
422 11
424 7
426 11
428 10
430 6
432 13
434 11
436 7
438 10
440 12
442 7
444 12
446 8
448 14
450 11
452 7
454 7
456 2
458 10
460 10
462 6
464 11
466 8
468 13
470 11
472 14
474 9
476 9
478 2
480 9
482 5
484 6
486 10
488 12
490 7
492 9
494 12
496 4
498 5
500 8
502 7
504 2
506 5
508 10
510 7
512 9
514 5
516 8
518 9
520 5
522 7
524 5
526 6
528 4
530 6
532 8
534 6
536 5
538 4
540 10
542 9
544 8
546 5
548 5
550 6
552 8
554 5
556 9
558 1
560 6
562 3
564 8
566 6
568 3
570 6
572 3
574 1
576 2
578 3
580 4
582 7
584 6
586 2
588 5
590 6
592 7
594 9
596 4
598 4
600 5
602 5
604 3
606 3
608 2
610 5
612 7
614 4
616 8
618 5
620 4
622 3
624 6
626 2
628 6
630 5
632 4
634 2
636 5
638 4
640 6
642 5
644 3
646 6
648 11
650 4
652 9
654 4
656 6
658 1
660 2
662 3
664 5
666 2
668 5
670 3
672 5
674 3
676 10
678 2
680 6
682 6
684 2
686 3
688 6
690 5
692 5
694 5
698 4
700 3
702 4
704 5
706 3
708 3
710 1
712 4
714 3
718 4
720 13
722 1
724 3
726 3
728 3
730 2
732 2
734 2
736 7
738 2
740 3
742 4
744 3
746 2
748 4
750 2
752 5
754 5
756 3
758 3
760 4
762 2
764 2
766 2
768 3
770 2
772 3
774 4
776 3
778 1
780 6
782 3
784 6
786 3
788 1
790 3
792 6
794 4
796 1
798 4
800 1
802 1
804 3
806 4
808 3
810 3
812 2
814 6
816 5
818 4
820 8
822 4
824 1
826 3
828 2
830 3
832 6
834 1
836 3
840 3
842 3
844 2
846 3
852 4
854 1
856 4
858 5
860 6
862 1
870 1
874 4
876 4
878 2
882 2
884 1
886 1
888 3
890 1
892 8
894 1
896 2
898 3
900 1
902 1
904 4
906 7
908 2
910 2
912 2
914 1
916 4
918 2
920 1
922 3
924 3
926 2
928 4
930 1
932 1
934 3
936 1
940 1
942 5
944 2
946 3
948 3
950 1
954 2
956 5
958 2
960 4
962 3
964 3
968 1
970 3
972 2
974 3
976 1
980 2
984 2
986 1
988 24
990 3
992 1
994 1
998 1
1000 3
1002 2
1004 4
1006 4
1008 3
1010 2
1014 2
1016 2
1018 1
1020 2
1022 1
1024 3
1026 2
1028 2
1030 3
1032 2
1034 4
1036 1
1038 4
1040 3
1042 2
1044 1
1046 3
1048 3
1050 3
1052 2
1054 2
1056 1
1058 2
1062 2
1068 4
1070 3
1072 1
1074 1
1076 2
1078 3
1080 1
1082 2
1084 2
1088 1
1092 2
1096 1
1098 1
1100 2
1102 1
1104 3
1106 1
1108 2
1112 1
1114 3
1116 1
1120 4
1122 1
1124 3
1126 1
1128 1
1132 4
1134 2
1138 2
1142 1
1144 1
1146 2
1148 5
1150 1
1152 3
1154 2
1158 6
1160 1
1164 1
1166 3
1170 1
1174 2
1178 1
1180 2
1184 1
1186 2
1188 1
1190 2
1192 2
1194 1
1196 1
1198 2
1200 2
1210 1
1212 1
1214 1
1222 2
1224 3
1228 1
1232 2
1234 2
1236 1
1240 2
1242 1
1246 1
1250 2
1252 1
1254 1
1258 1
1260 3
1264 1
1266 1
1270 1
1272 1
1278 1
1282 1
1284 4
1286 1
1288 1
1296 2
1300 4
1308 1
1310 1
1312 2
1314 1
1316 1
1320 4
1322 2
1324 1
1332 3
1334 1
1336 1
1338 1
1342 2
1350 1
1352 3
1354 3
1356 2
1370 1
1372 2
1374 2
1376 1
1378 2
1380 1
1384 2
1388 4
1390 1
1392 2
1394 2
1396 2
1402 1
1404 1
1408 2
1412 1
1414 1
1416 1
1420 1
1422 2
1424 2
1426 1
1430 1
1446 2
1454 1
1460 1
1462 3
1464 1
1466 1
1468 2
1470 1
1472 1
1474 1
1476 1
1478 1
1484 1
1488 3
1490 2
1492 1
1494 1
1496 1
1498 1
1500 2
1504 1
1508 1
1510 1
1512 2
1520 2
1526 1
1528 2
1530 2
1534 1
1536 1
1538 1
1546 1
1550 1
1556 1
1558 1
1562 2
1564 1
1566 1
1568 3
1584 1
1596 2
1602 1
1606 2
1610 1
1612 1
1614 1
1616 1
1618 1
1620 1
1630 1
1632 1
1634 1
1636 1
1638 2
1652 2
1654 1
1656 1
1660 2
1662 1
1666 2
1670 2
1674 2
1676 2
1678 1
1680 2
1684 2
1686 2
1688 2
1692 1
1698 1
1700 1
1704 1
1712 1
1716 1
1724 1
1730 1
1736 1
1738 1
1740 1
1748 1
1750 1
1752 2
1762 1
1766 1
1772 1
1774 1
1776 1
1778 1
1780 1
1782 2
1790 1
1800 1
1804 2
1806 2
1808 2
1810 1
1814 2
1818 1
1822 1
1828 1
1840 2
1842 1
1844 1
1848 1
1852 2
1856 2
1866 1
1872 1
1874 2
1886 1
1888 1
1896 1
1898 1
1900 1
1902 1
1920 1
1926 1
1940 1
1944 1
1950 1
1954 1
1956 1
1984 1
1986 1
1990 1
1992 1
1996 1
2000 2
2002 1
2020 1
2030 1
2032 2
2038 1
2040 2
2044 2
2060 1
2062 1
2074 1
2088 1
2094 2
2096 1
2104 1
2108 1
2112 1
2114 2
2116 1
2118 2
2132 2
2142 1
2146 1
2158 1
2170 1
2174 1
2178 2
2186 1
2196 1
2200 2
2210 2
2212 1
2222 1
2224 1
2228 1
2238 1
2242 3
2246 2
2272 2
2276 1
2278 1
2280 1
2298 1
2308 1
2326 1
2328 2
2332 1
2334 1
2336 1
2342 1
2344 1
2352 1
2354 1
2364 1
2368 1
2370 1
2376 2
2380 1
2382 2
2384 1
2396 1
2400 2
2404 1
2414 1
2416 1
2424 2
2430 1
2436 2
2438 1
2442 2
2444 1
2450 1
2454 1
2456 1
2478 1
2480 2
2490 1
2498 2
2506 1
2512 1
2532 1
2540 1
2542 1
2548 1
2560 2
2568 1
2570 1
2580 1
2582 1
2584 2
2596 1
2610 3
2620 1
2642 1
2650 2
2656 1
2668 4
2670 1
2672 2
2674 2
2678 1
2680 4
2682 1
2688 1
2698 1
2704 2
2706 1
2708 1
2710 1
2718 1
2720 2
2728 1
2744 1
2746 1
2750 1
2756 1
2776 1
2784 1
2788 1
2792 1
2804 1
2810 1
2812 1
2816 1
2826 1
2838 1
2846 2
2850 3
2852 1
2880 1
2882 1
2884 1
2892 1
2916 1
2920 2
2928 1
2930 1
2966 1
2968 1
2980 1
2986 2
3000 1
3004 1
3016 1
3018 1
3022 2
3052 1
3056 1
3078 2
3080 2
3090 1
3092 1
3094 2
3096 1
3098 1
3100 1
3110 1
3118 2
3136 3
3138 1
3162 2
3170 1
3190 1
3198 1
3208 1
3210 1
3224 1
3226 1
3236 1
3250 1
3260 1
3270 1
3272 2
3274 1
3276 1
3278 2
3280 18
3282 26
3298 1
3300 1
3306 1
3310 1
3314 1
3360 1
3372 1
3380 1
3388 1
3392 2
3396 1
3420 1
3430 1
3476 1
3554 1
3556 1
3558 1
3576 1
3600 1
3608 1
3646 1
3662 1
3690 1
3714 1
3734 1
3738 1
3752 1
3754 2
3760 1
3784 1
3788 1
3810 1
3812 1
3858 1
3866 1
3882 1
3894 1
3904 1
3948 1
3950 1
4020 1
4032 1
4050 1
4066 1
4076 1
4088 1
4092 1
4198 1
4212 1
4226 1
4238 1
4256 1
4282 1
4302 1
4304 1
4334 1
4352 1
4366 1
4376 1
4380 1
4382 1
4384 1
4390 1
4422 1
4448 1
4500 2
4510 1
4514 1
4542 1
4588 1
4620 1
4630 1
4652 1
4656 1
4658 1
4688 1
4726 1
4738 1
4744 1
4752 1
4784 1
4786 1
4858 1
4878 1
4916 1
5094 1
5114 1
5120 1
5124 1
5130 1
5182 1
5208 1
5240 2
5266 1
5410 1
5530 1
5540 1
5644 1
5664 1
5678 1
5688 1
5724 1
5764 1
5766 1
5832 1
5834 1
5852 1
5906 1
6094 1
6144 1
6276 1
6320 1
6376 1
6398 1
6416 1
6420 1
6456 1
6520 1
6598 1
6666 2
6684 1
6694 1
6710 1
6734 1
6780 1
6804 1
6878 1
6944 1
6970 1
6986 1
7000 1
7032 2
7200 1
7260 1
7350 1
7352 1
7372 1
7388 1
7546 1
7656 1
7796 1
8010 1
8046 1
8102 1
8270 1
8388 1
8396 3
8418 1
8420 1
8768 1
8992 1
9356 1
9432 1
9662 1
9668 1
9880 1
10236 1
10314 2
10380 1
10460 1
10484 1
10764 1
10846 1
10960 1
11040 1
11172 1
11352 1
11478 1
11550 1
11626 1
11720 1
12244 1
12358 1
12944 1
13128 1
13430 1
13514 1
15222 1
15604 1
15772 1
16238 1
16922 1
17404 1
18122 1
18232 1
18484 1
19048 1
19950 1
20202 1
20610 1
21132 1
21946 1
22108 1
22490 1
23132 2
23170 1
23190 1
24206 1
27594 1
28718 1
32334 1
33116 1
33358 1
36250 1
36832 1
38548 1
38570 1
43122 1
56624 1
60304 1
61600 1
68598 1
89492 1
89544 1
115476 1
173402 1
