1 89423316
2 32283721
3 12227860
4 2291857
5 801401
6 442224
7 271033
8 183379
9 124615
10 87475
11 65670
12 52839
13 43776
14 36113
15 29521
16 24050
17 19706
18 16254
19 13736
20 11299
21 9718
22 8390
23 7473
24 6574
25 5845
26 5273
27 4668
28 4261
29 3891
30 3588
31 3234
32 3011
33 2723
34 2493
35 2380
36 2238
37 2123
38 1931
39 1751
40 1699
41 1595
42 1472
43 1417
44 1325
45 1272
46 1166
47 1170
48 1106
49 1044
50 935
51 871
52 853
53 862
54 782
55 731
56 702
57 634
58 661
59 654
60 637
61 613
62 617
63 558
64 475
65 512
66 458
67 410
68 463
69 460
70 388
71 387
72 383
73 376
74 340
75 367
76 353
77 319
78 297
79 323
80 332
81 265
82 285
83 255
84 250
85 256
86 236
87 229
88 232
89 226
90 200
91 203
92 191
93 201
94 200
95 180
96 163
97 197
98 190
99 183
100 167
101 164
102 134
103 149
104 169
105 152
106 136
107 144
108 149
109 120
110 135
111 119
112 122
113 107
114 102
115 123
116 106
117 114
118 118
119 117
120 93
121 99
122 91
123 84
124 93
125 76
126 85
127 98
128 61
129 74
130 76
131 85
132 82
133 78
134 69
135 75
136 66
137 70
138 75
139 76
140 69
141 60
142 60
143 63
144 69
145 68
146 75
147 72
148 70
149 56
150 59
151 46
152 62
153 61
154 65
155 57
156 52
157 46
158 47
159 60
160 56
161 45
162 42
163 46
164 56
165 40
166 40
167 31
168 38
169 44
170 34
171 38
172 45
173 41
174 33
175 25
176 36
177 39
178 32
179 29
180 40
181 38
182 38
183 27
184 34
185 26
186 34
187 38
188 21
189 25
190 24
191 33
192 28
193 27
194 24
195 29
196 26
197 27
198 33
199 31
200 21
201 28
202 22
203 36
204 26
205 17
206 17
207 22
208 26
209 19
210 22
211 24
212 25
213 19
214 20
215 17
216 20
217 27
218 18
219 18
220 23
221 15
222 23
223 19
224 16
225 16
226 28
227 12
228 19
229 14
230 12
231 17
232 17
233 27
234 16
235 16
236 13
237 18
238 12
239 15
240 17
241 10
242 18
243 12
244 17
245 13
246 17
247 11
248 12
249 9
250 15
251 12
252 12
253 19
254 16
255 15
256 21
257 14
258 14
259 7
260 7
261 16
262 12
263 6
264 16
265 11
266 11
267 7
268 8
269 11
270 14
271 15
272 9
273 7
274 13
275 11
276 11
277 8
278 10
279 12
280 12
281 10
282 4
283 10
284 9
285 14
286 9
287 10
288 7
289 13
290 8
291 9
292 11
293 11
294 8
295 4
296 8
297 8
298 5
299 4
300 8
301 9
302 7
303 10
304 11
305 6
306 7
307 7
308 7
309 7
310 13
311 11
312 5
313 8
314 11
315 8
316 12
317 2
318 8
319 6
320 6
321 6
322 5
323 4
324 5
325 4
326 10
327 6
328 5
329 8
330 8
331 5
332 6
333 4
334 8
335 5
336 8
337 4
338 2
339 8
340 7
341 6
342 5
343 9
344 4
345 6
346 4
347 3
348 6
349 7
350 6
351 7
352 5
353 7
354 4
355 8
356 4
357 7
358 7
359 6
360 3
361 7
362 6
363 2
364 5
365 5
366 5
367 5
368 6
369 4
370 4
371 1
372 5
373 2
374 4
375 6
376 4
377 6
378 3
379 4
380 1
381 4
382 6
383 7
384 3
385 7
386 4
387 3
388 7
389 6
390 3
391 4
392 2
393 5
394 6
395 2
396 5
397 5
398 6
399 4
400 1
401 6
402 8
403 1
404 3
405 3
406 5
407 1
408 2
409 3
410 3
411 2
412 3
413 6
414 5
415 5
416 1
417 1
418 4
419 4
420 2
421 1
422 4
423 3
424 6
425 4
426 4
427 2
428 3
429 3
430 1
431 6
432 6
433 2
434 4
435 3
436 4
437 3
438 2
439 5
440 4
441 3
442 5
443 1
444 4
445 1
446 4
447 2
448 1
449 1
450 5
451 5
452 1
453 1
454 3
455 2
456 1
457 1
458 2
459 1
460 7
461 1
462 1
463 6
464 4
465 3
466 1
467 1
468 5
469 1
470 2
471 1
473 5
474 1
475 1
476 3
477 4
478 3
480 1
483 4
485 2
486 1
487 2
488 3
489 3
490 1
491 2
492 1
493 3
495 2
497 1
498 3
499 1
500 1
501 3
502 3
503 3
504 2
505 4
507 1
508 2
509 2
510 2
511 1
512 4
513 3
514 3
515 1
516 4
517 2
518 1
519 3
520 2
521 4
522 2
523 4
524 1
525 2
526 1
527 1
528 2
529 3
530 2
531 1
532 1
533 2
535 3
536 2
537 1
538 1
539 2
540 1
541 3
543 2
544 2
545 3
546 3
547 1
548 1
549 1
550 3
551 2
553 4
554 1
555 3
556 3
557 1
558 1
560 3
561 1
562 2
564 2
565 2
566 2
567 3
568 2
569 1
570 1
571 2
572 2
573 5
574 4
577 2
579 1
580 1
581 1
586 3
587 2
588 3
590 2
591 1
592 3
593 2
594 1
596 2
597 1
598 1
600 3
601 2
602 6
603 3
604 1
605 2
606 1
607 3
608 1
610 1
611 2
612 2
613 3
614 3
615 1
616 1
617 1
618 2
619 3
620 1
622 4
623 3
624 1
625 1
626 1
627 2
629 2
630 1
632 2
634 3
635 2
636 1
637 3
638 1
641 2
646 2
647 1
648 2
649 3
650 1
651 2
652 1
653 2
654 3
657 1
658 1
659 4
660 1
665 1
668 1
669 2
670 2
671 1
673 1
676 1
678 2
680 1
681 2
685 3
686 1
687 1
690 1
693 1
694 2
696 1
699 1
702 1
703 1
704 1
706 1
709 3
710 1
712 1
714 1
715 1
717 2
718 2
719 2
722 2
723 1
725 3
726 2
729 1
731 2
736 1
737 2
739 1
745 1
747 1
748 2
749 2
751 1
754 2
755 1
758 1
761 1
763 1
764 1
770 1
771 1
777 1
779 1
783 1
795 1
798 1
799 1
805 1
813 2
822 1
824 1
828 1
830 1
831 1
832 1
833 1
835 1
838 1
839 1
841 2
842 2
844 2
845 1
847 1
852 1
853 1
864 1
867 4
868 1
873 1
877 1
881 2
887 2
890 1
904 2
906 1
912 1
916 1
920 1
921 1
926 1
928 2
930 1
931 1
936 2
942 1
947 1
952 1
956 2
959 1
961 1
962 1
963 1
967 1
971 1
972 1
976 1
977 1
978 1
980 1
985 1
987 1
988 1
991 1
995 1
1006 1
1010 1
1013 1
1018 1
1021 1
1025 1
1028 1
1031 1
1034 1
1038 2
1039 1
1041 1
1042 2
1044 1
1045 1
1047 1
1051 1
1053 1
1057 1
1058 2
1060 2
1063 1
1074 1
1077 1
1081 1
1092 1
1097 1
1100 1
1104 1
1106 1
1110 1
1123 1
1129 2
1132 1
1141 1
1144 1
1148 2
1167 1
1171 1
1172 1
1176 1
1185 1
1190 1
1191 1
1194 1
1195 1
1198 2
1203 1
1208 1
1218 1
1219 1
1228 1
1236 1
1241 1
1242 1
1245 2
1253 1
1257 1
1263 1
1270 1
1272 1
1276 1
1279 1
1281 3
1282 1
1284 2
1295 1
1303 1
1306 1
1347 1
1351 1
1356 1
1361 1
1369 1
1371 1
1374 1
1409 1
1417 1
1439 1
1444 1
1456 1
1463 1
1479 1
1487 1
1516 1
1558 1
1575 1
1595 1
1604 1
1608 1
1619 1
1625 1
1635 1
1643 1
1645 1
1655 1
1681 1
1684 1
1698 1
1707 2
1721 1
1741 1
1745 1
1758 1
1759 1
1784 1
1806 1
1845 1
1846 1
1852 1
1858 1
1884 1
1924 1
1932 1
1938 1
1959 1
1980 1
1998 1
2004 1
2048 1
2054 1
2203 1
2229 1
2246 1
2272 1
2327 1
2336 1
2345 1
2367 2
2376 1
2378 1
2474 1
2514 1
2550 1
2574 1
2614 1
2669 1
3423 1
3457 1
3499 1
3551 1
3620 1
3842 1
4123 1
4147 1
5050 1
5349 1
5804 1
6012 1
9676 1
12398 1
18089 1
7178046 1
