1 340442572
2 65822
3 24077
4 748686
5 694251
6 871846
7 673418
8 397084
9 450013
10 410946
11 256661
12 256192
13 244945
14 183997
15 178417
16 172848
17 138427
18 133347
19 128282
20 105665
21 102980
22 97970
23 83277
24 81517
25 78598
26 68196
27 65195
28 62927
29 55434
30 53664
31 52848
32 46076
33 45421
34 43656
35 39192
36 38357
37 36967
38 33636
39 32565
40 31665
41 28943
42 28107
43 27633
44 25084
45 24325
46 23933
47 21900
48 21474
49 21107
50 19205
51 18844
52 18261
53 17005
54 16617
55 16532
56 15125
57 15029
58 15003
59 14003
60 13652
61 13318
62 12395
63 12405
64 11907
65 11200
66 11096
67 10652
68 10245
69 10080
70 9980
71 9328
72 9276
73 8935
74 8648
75 8367
76 8214
77 7729
78 7853
79 7574
80 7140
81 7022
82 6953
83 6634
84 6458
85 6328
86 6268
87 6097
88 5934
89 5646
90 5620
91 5514
92 5325
93 5251
94 4993
95 4921
96 4960
97 4836
98 4532
99 4628
100 4341
101 4261
102 4404
103 4153
104 3931
105 4049
106 3893
107 3859
108 3866
109 3847
110 3452
111 3470
112 3510
113 3408
114 3438
115 3190
116 3100
117 3200
118 2986
119 2998
120 2985
121 2855
122 2882
123 2802
124 2766
125 2600
126 2646
127 2548
128 2456
129 2449
130 2436
131 2437
132 2368
133 2286
134 2178
135 2200
136 2186
137 2139
138 2085
139 2073
140 2094
141 2006
142 1873
143 1892
144 1894
145 1826
146 1879
147 1758
148 1738
149 1745
150 1762
151 1731
152 1637
153 1647
154 1646
155 1574
156 1605
157 1514
158 1535
159 1535
160 1501
161 1406
162 1399
163 1452
164 1390
165 1432
166 1372
167 1304
168 1331
169 1297
170 1286
171 1267
172 1250
173 1278
174 1259
175 1151
176 1144
177 1172
178 1124
179 1115
180 1180
181 1168
182 1086
183 1094
184 1063
185 1099
186 1057
187 1009
188 999
189 1021
190 989
191 939
192 1025
193 989
194 934
195 927
196 908
197 884
198 903
199 895
200 885
201 909
202 830
203 864
204 870
205 809
206 766
207 814
208 788
209 779
210 737
211 750
212 709
213 723
214 755
215 761
216 708
217 708
218 755
219 718
220 689
221 706
222 666
223 690
224 663
225 665
226 607
227 627
228 643
229 624
230 606
231 620
232 582
233 547
234 655
235 614
236 603
237 609
238 555
239 547
240 555
241 530
242 537
243 603
244 559
245 524
246 529
247 518
248 499
249 559
250 511
251 478
252 482
253 501
254 462
255 498
256 476
257 482
258 517
259 463
260 426
261 464
262 441
263 463
264 447
265 447
266 443
267 466
268 412
269 418
270 398
271 428
272 408
273 425
274 421
275 380
276 408
277 356
278 402
279 423
280 362
281 363
282 390
283 357
284 354
285 350
286 328
287 361
288 343
289 316
290 345
291 349
292 363
293 346
294 340
295 360
296 322
297 332
298 328
299 314
300 285
301 306
302 311
303 293
304 299
305 294
306 310
307 281
308 292
309 285
310 321
311 310
312 330
313 239
314 292
315 303
316 249
317 261
318 281
319 260
320 287
321 283
322 244
323 262
324 295
325 262
326 258
327 294
328 252
329 242
330 252
331 252
332 225
333 242
334 257
335 218
336 244
337 257
338 224
339 228
340 236
341 243
342 246
343 233
344 220
345 282
346 208
347 230
348 212
349 223
350 207
351 207
352 193
353 221
354 211
355 192
356 207
357 201
358 185
359 191
360 218
361 206
362 211
363 216
364 177
365 192
366 207
367 170
368 188
369 195
370 188
371 187
372 206
373 190
374 193
375 186
376 204
377 165
378 167
379 177
380 179
381 203
382 187
383 162
384 154
385 186
386 165
387 156
388 183
389 161
390 158
391 150
392 165
393 178
394 167
395 161
396 165
397 164
398 148
399 145
400 138
401 147
402 157
403 163
404 154
405 146
406 140
407 129
408 143
409 143
410 138
411 152
412 160
413 119
414 154
415 123
416 128
417 158
418 137
419 135
420 135
421 144
422 128
423 144
424 118
425 141
426 142
427 135
428 131
429 132
430 125
431 112
432 114
433 102
434 123
435 124
436 122
437 127
438 122
439 128
440 124
441 134
442 117
443 116
444 130
445 142
446 113
447 121
448 106
449 115
450 113
451 121
452 128
453 106
454 116
455 87
456 111
457 105
458 100
459 105
460 104
461 101
462 114
463 100
464 112
465 110
466 104
467 100
468 95
469 96
470 102
471 75
472 87
473 106
474 95
475 108
476 92
477 87
478 85
479 106
480 105
481 90
482 99
483 93
484 105
485 82
486 97
487 97
488 100
489 84
490 90
491 93
492 89
493 82
494 81
495 76
496 96
497 82
498 101
499 70
500 89
501 84
502 82
503 70
504 92
505 87
506 87
507 78
508 76
509 79
510 95
511 74
512 71
513 68
514 80
515 106
516 88
517 98
518 71
519 75
520 68
521 79
522 76
523 78
524 78
525 80
526 79
527 62
528 80
529 81
530 82
531 66
532 69
533 79
534 62
535 78
536 63
537 73
538 70
539 77
540 88
541 67
542 81
543 81
544 59
545 68
546 88
547 64
548 60
549 73
550 70
551 63
552 80
553 55
554 55
555 70
556 65
557 58
558 67
559 80
560 67
561 66
562 66
563 61
564 76
565 61
566 75
567 53
568 55
569 75
570 68
571 60
572 58
573 65
574 64
575 63
576 58
577 52
578 44
579 58
580 69
581 84
582 78
583 55
584 55
585 39
586 59
587 64
588 76
589 51
590 55
591 57
592 54
593 51
594 71
595 50
596 61
597 51
598 54
599 50
600 54
601 50
602 44
603 51
604 46
605 61
606 58
607 60
608 52
609 67
610 51
611 53
612 70
613 55
614 54
615 70
616 47
617 45
618 53
619 62
620 50
621 50
622 46
623 53
624 57
625 54
626 45
627 52
628 40
629 50
630 53
631 48
632 42
633 49
634 54
635 57
636 54
637 48
638 51
639 52
640 31
641 45
642 52
643 40
644 37
645 49
646 52
647 43
648 45
649 33
650 34
651 52
652 58
653 43
654 40
655 41
656 34
657 50
658 51
659 38
660 50
661 51
662 38
663 45
664 59
665 40
666 50
667 40
668 32
669 42
670 36
671 34
672 41
673 52
674 46
675 39
676 44
677 41
678 45
679 41
680 41
681 37
682 52
683 26
684 38
685 28
686 41
687 36
688 37
689 38
690 34
691 31
692 46
693 43
694 33
695 32
696 38
697 37
698 34
699 35
700 51
701 43
702 33
703 37
704 41
705 46
706 37
707 41
708 35
709 42
710 37
711 38
712 28
713 37
714 46
715 32
716 32
717 28
718 33
719 36
720 26
721 27
722 36
723 40
724 33
725 26
726 42
727 28
728 33
729 41
730 28
731 27
732 22
733 29
734 34
735 23
736 27
737 35
738 36
739 30
740 39
741 34
742 38
743 30
744 38
745 27
746 30
747 32
748 26
749 34
750 40
751 39
752 26
753 29
754 40
755 16
756 20
757 19
758 24
759 23
760 21
761 22
762 28
763 26
764 29
765 32
766 26
767 34
768 34
769 24
770 32
771 31
772 32
773 31
774 38
775 31
776 29
777 27
778 36
779 21
780 19
781 18
782 33
783 16
784 24
785 35
786 25
787 36
788 31
789 22
790 25
791 24
792 21
793 20
794 27
795 24
796 25
797 18
798 25
799 23
800 32
801 29
802 20
803 25
804 22
805 26
806 22
807 27
808 22
809 22
810 25
811 20
812 23
813 25
814 28
815 17
816 24
817 23
818 26
819 34
820 30
821 36
822 30
823 26
824 26
825 22
826 19
827 31
828 15
829 21
830 19
831 11
832 22
833 21
834 19
835 18
836 32
837 29
838 24
839 19
840 16
841 20
842 23
843 16
844 22
845 17
846 17
847 18
848 19
849 27
850 16
851 16
852 22
853 21
854 21
855 24
856 20
857 15
858 16
859 21
860 23
861 16
862 24
863 24
864 19
865 19
866 23
867 26
868 10
869 20
870 22
871 29
872 20
873 18
874 20
875 29
876 22
877 17
878 12
879 15
880 17
881 20
882 17
883 24
884 22
885 17
886 20
887 18
888 22
889 16
890 19
891 17
892 15
893 13
894 22
895 16
896 14
897 22
898 14
899 25
900 17
901 19
902 25
903 19
904 14
905 22
906 14
907 16
908 18
909 18
910 20
911 17
912 21
913 20
914 12
915 14
916 16
917 19
918 27
919 19
920 13
921 14
922 17
923 12
924 18
925 16
926 12
927 21
928 12
929 14
930 11
931 15
932 11
933 18
934 21
935 18
936 18
937 20
938 18
939 14
940 21
941 22
942 19
943 12
944 25
945 19
946 13
947 15
948 17
949 17
950 14
951 10
952 24
953 17
954 15
955 15
956 14
957 10
958 18
959 19
960 14
961 9
962 17
963 15
964 21
965 16
966 14
967 12
968 12
969 22
970 14
971 20
972 15
973 11
974 23
975 10
976 21
977 21
978 10
979 13
980 15
981 17
982 19
983 17
984 19
985 13
986 14
987 22
988 15
989 19
990 21
991 10
992 17
993 12
994 12
995 11
996 9
997 9
998 19
999 17
1000 21
1001 13
1002 13
1003 11
1004 15
1005 25
1006 18
1007 15
1008 22
1009 14
1010 14
1011 23
1012 13
1013 27
1014 15
1015 14
1016 14
1017 12
1018 14
1019 21
1020 14
1021 14
1022 10
1023 14
1024 14
1025 16
1026 14
1027 19
1028 15
1029 19
1030 10
1031 14
1032 19
1033 12
1034 17
1035 15
1036 16
1037 14
1038 19
1039 14
1040 15
1041 17
1042 16
1043 13
1044 9
1045 16
1046 17
1047 15
1048 10
1049 15
1050 14
1051 19
1052 12
1053 6
1054 11
1055 8
1056 12
1057 9
1058 8
1059 16
1060 13
1061 7
1062 19
1063 16
1064 14
1065 15
1066 7
1067 12
1068 7
1069 11
1070 7
1071 12
1072 11
1073 19
1074 16
1075 17
1076 19
1077 15
1078 13
1079 15
1080 12
1081 11
1082 11
1083 15
1084 19
1085 8
1086 22
1087 5
1088 7
1089 14
1090 10
1091 21
1092 11
1093 9
1094 16
1095 10
1096 12
1097 10
1098 10
1099 10
1100 10
1101 10
1102 10
1103 14
1104 8
1105 17
1106 15
1107 15
1108 9
1109 11
1110 8
1111 6
1112 11
1113 15
1114 11
1115 15
1116 15
1117 12
1118 8
1119 9
1120 8
1121 9
1122 9
1123 7
1124 15
1125 12
1126 9
1127 12
1128 12
1129 11
1130 8
1131 12
1132 15
1133 6
1134 11
1135 11
1136 12
1137 9
1138 6
1139 11
1140 9
1141 9
1142 12
1143 7
1144 9
1145 10
1146 10
1147 10
1148 9
1149 11
1150 12
1151 13
1152 9
1153 10
1154 9
1155 9
1156 11
1157 9
1158 11
1159 3
1160 13
1161 10
1162 9
1163 9
1164 9
1165 5
1166 11
1167 12
1168 14
1169 4
1170 13
1171 9
1172 11
1173 5
1174 9
1175 9
1176 17
1177 5
1178 10
1179 9
1180 11
1181 7
1182 8
1183 14
1184 8
1185 15
1186 8
1187 6
1188 9
1189 7
1190 11
1191 6
1192 12
1193 8
1194 10
1195 10
1196 11
1197 7
1198 13
1199 10
1200 14
1201 14
1202 8
1203 10
1204 12
1205 11
1206 11
1207 9
1208 10
1209 11
1210 11
1211 10
1212 10
1213 9
1214 7
1215 9
1216 7
1217 11
1218 10
1219 8
1220 12
1221 3
1222 12
1223 5
1224 11
1225 6
1226 12
1227 7
1228 9
1229 10
1230 14
1231 8
1232 8
1233 9
1234 13
1235 11
1236 6
1237 7
1238 5
1239 12
1240 6
1241 5
1242 11
1243 6
1244 10
1245 12
1246 7
1247 9
1248 15
1249 10
1250 7
1251 6
1252 9
1253 5
1254 7
1255 3
1256 11
1257 6
1258 4
1259 9
1260 7
1261 9
1262 8
1263 10
1264 11
1265 8
1266 16
1267 7
1268 7
1269 11
1270 11
1271 4
1272 9
1273 6
1274 12
1275 6
1276 12
1277 5
1278 7
1279 13
1280 8
1281 9
1282 7
1283 12
1284 14
1285 4
1286 9
1287 8
1288 6
1289 7
1290 11
1291 6
1292 8
1293 6
1294 9
1295 6
1296 9
1297 5
1298 4
1299 8
1300 10
1301 12
1302 5
1303 6
1304 9
1305 8
1306 9
1307 6
1308 6
1309 11
1310 7
1311 11
1312 10
1313 6
1314 7
1315 9
1316 7
1317 5
1318 8
1319 11
1320 12
1321 5
1322 5
1323 9
1324 5
1325 6
1326 8
1327 8
1328 7
1329 9
1330 7
1331 8
1332 2
1333 9
1334 11
1335 5
1336 8
1337 9
1338 15
1339 4
1340 8
1341 11
1342 3
1343 13
1344 8
1345 8
1346 8
1347 12
1348 8
1349 3
1350 6
1351 7
1352 8
1353 7
1354 7
1355 9
1356 8
1357 10
1358 6
1359 4
1360 6
1361 11
1362 5
1363 8
1364 4
1365 7
1366 7
1367 5
1368 3
1369 11
1370 5
1371 4
1372 7
1373 4
1374 7
1375 6
1376 2
1377 10
1378 7
1379 4
1380 5
1381 3
1382 7
1383 5
1384 8
1385 8
1386 9
1387 10
1388 6
1389 8
1390 7
1391 7
1392 7
1393 5
1394 13
1395 7
1396 6
1397 5
1398 5
1399 11
1400 5
1401 5
1402 10
1403 8
1404 5
1405 3
1406 8
1407 10
1408 7
1409 4
1410 7
1411 11
1412 4
1413 6
1414 9
1415 3
1416 9
1417 6
1418 9
1419 6
1420 14
1421 4
1422 3
1423 4
1424 3
1425 12
1426 1
1427 4
1428 8
1429 3
1430 5
1431 8
1432 8
1433 7
1434 10
1435 4
1436 4
1437 8
1438 5
1439 5
1440 9
1441 5
1442 4
1443 1
1444 7
1445 3
1446 6
1447 11
1448 3
1449 7
1450 7
1451 3
1452 7
1453 9
1454 7
1455 3
1456 8
1457 9
1458 2
1459 10
1460 6
1461 6
1462 5
1463 4
1464 7
1465 4
1466 8
1467 6
1468 6
1469 7
1470 8
1471 3
1472 2
1473 5
1474 5
1475 8
1476 6
1477 3
1478 6
1479 8
1480 8
1481 9
1482 4
1483 4
1484 4
1485 9
1486 9
1487 7
1488 13
1489 11
1490 6
1491 4
1492 6
1493 6
1494 3
1495 4
1496 6
1497 5
1498 8
1499 5
1500 1
1501 4
1502 5
1503 2
1504 4
1505 11
1506 6
1507 3
1508 3
1509 6
1510 9
1511 6
1512 10
1513 9
1514 4
1515 6
1516 7
1517 5
1518 5
1519 3
1520 7
1521 4
1522 9
1523 4
1524 6
1525 4
1526 5
1527 5
1528 4
1529 5
1530 5
1531 6
1532 7
1533 7
1534 7
1535 6
1536 4
1537 2
1538 6
1539 3
1540 1
1541 7
1542 5
1543 5
1544 5
1545 3
1546 5
1547 5
1548 6
1549 11
1550 5
1551 9
1552 7
1553 6
1554 4
1555 6
1556 2
1557 7
1558 5
1559 8
1560 7
1561 6
1562 2
1563 4
1564 7
1565 3
1566 5
1567 3
1568 7
1569 3
1570 7
1571 3
1572 3
1573 7
1574 2
1575 1
1576 8
1577 4
1578 5
1579 4
1580 5
1581 1
1582 5
1583 5
1584 5
1585 4
1586 9
1587 4
1588 3
1589 4
1590 6
1591 6
1592 4
1593 5
1594 10
1595 5
1596 5
1597 9
1598 10
1599 4
1600 4
1601 5
1602 2
1603 4
1604 7
1605 2
1606 6
1607 4
1608 11
1609 7
1610 4
1611 4
1612 5
1613 3
1614 4
1615 3
1616 9
1617 2
1618 1
1619 5
1620 11
1621 4
1622 5
1623 4
1624 5
1625 4
1626 3
1628 3
1629 5
1630 6
1631 3
1632 6
1633 4
1634 3
1635 5
1636 6
1637 8
1638 3
1639 3
1640 4
1641 3
1642 5
1643 5
1644 5
1645 4
1646 6
1647 4
1648 4
1649 4
1650 1
1651 4
1652 6
1653 9
1654 3
1655 6
1656 3
1657 5
1658 1
1659 6
1660 6
1661 1
1662 1
1663 6
1664 6
1665 1
1666 4
1667 2
1668 4
1669 5
1670 2
1672 2
1673 7
1674 4
1675 9
1676 4
1677 3
1678 4
1679 3
1680 7
1681 3
1682 2
1683 3
1684 4
1685 5
1686 4
1687 6
1688 9
1689 3
1690 2
1691 2
1692 3
1693 4
1694 3
1695 6
1696 6
1697 6
1698 4
1699 3
1700 3
1701 6
1702 5
1703 4
1704 4
1705 6
1706 4
1707 1
1708 5
1709 7
1710 4
1711 4
1712 2
1713 3
1714 4
1715 5
1716 3
1717 7
1718 1
1719 2
1720 2
1721 4
1722 4
1723 2
1724 4
1725 5
1726 3
1727 3
1728 2
1729 3
1730 1
1731 3
1732 5
1733 3
1734 7
1735 6
1736 4
1737 4
1738 3
1739 4
1740 3
1741 6
1742 2
1743 2
1744 4
1745 9
1746 4
1747 2
1748 2
1749 4
1750 5
1751 7
1752 6
1753 4
1754 5
1755 6
1756 3
1757 5
1758 3
1759 8
1760 4
1761 5
1762 2
1763 3
1764 6
1765 6
1766 8
1767 8
1768 6
1769 6
1770 7
1771 4
1772 4
1773 2
1774 1
1775 5
1776 5
1777 4
1778 7
1779 6
1780 2
1781 4
1782 3
1783 3
1784 3
1785 3
1786 8
1787 7
1788 1
1789 3
1790 2
1792 2
1793 3
1794 4
1795 5
1796 4
1797 2
1798 1
1799 1
1800 7
1801 2
1802 3
1803 4
1804 3
1805 1
1806 3
1807 1
1808 6
1809 5
1810 5
1811 2
1812 4
1813 3
1814 3
1815 3
1816 5
1817 3
1818 2
1819 5
1820 2
1821 1
1822 3
1823 3
1824 2
1825 6
1826 4
1827 4
1828 3
1829 1
1830 3
1831 4
1832 2
1833 3
1834 2
1835 5
1836 1
1837 7
1838 4
1839 5
1840 1
1841 9
1842 2
1843 5
1844 8
1845 2
1846 5
1847 4
1848 3
1850 7
1851 2
1853 6
1854 1
1855 4
1856 1
1857 2
1858 3
1859 4
1860 2
1861 2
1862 1
1863 1
1864 1
1865 5
1866 3
1867 2
1869 3
1870 3
1871 7
1873 1
1874 3
1876 3
1878 2
1879 3
1880 5
1881 4
1882 2
1883 4
1884 4
1885 2
1886 4
1887 3
1888 7
1889 1
1890 5
1891 4
1892 3
1893 4
1894 4
1895 1
1896 3
1897 2
1898 2
1899 2
1900 6
1901 1
1902 2
1903 6
1904 2
1905 3
1906 3
1907 3
1908 3
1909 1
1910 2
1911 3
1912 6
1913 4
1914 2
1915 5
1916 2
1917 3
1918 2
1919 3
1920 1
1921 1
1922 3
1923 2
1924 6
1925 2
1926 3
1927 2
1928 3
1929 2
1931 3
1932 4
1933 4
1934 4
1935 1
1936 6
1937 1
1938 2
1939 3
1941 2
1942 3
1943 3
1944 5
1945 3
1947 4
1948 2
1949 3
1950 2
1951 3
1952 5
1953 1
1954 4
1955 2
1956 3
1957 2
1958 3
1959 2
1960 3
1961 2
1962 2
1963 1
1964 5
1965 4
1966 1
1967 2
1968 4
1969 5
1970 1
1971 2
1972 3
1973 3
1974 1
1975 5
1976 3
1978 4
1979 7
1980 3
1981 1
1982 4
1983 5
1984 6
1985 3
1986 4
1987 4
1988 4
1989 3
1990 3
1991 5
1992 2
1993 8
1994 6
1995 5
1996 5
1997 2
1998 2
2000 4
2001 7
2002 4
2003 2
2004 6
2005 2
2006 5
2007 5
2008 6
2009 3
2010 3
2012 5
2013 2
2014 4
2015 2
2016 1
2017 2
2018 9
2019 5
2020 1
2021 3
2022 4
2023 4
2024 1
2025 3
2026 1
2027 1
2028 3
2029 4
2030 1
2031 4
2033 1
2034 3
2035 1
2036 1
2037 6
2038 6
2039 3
2040 2
2041 2
2042 3
2043 5
2044 2
2046 2
2047 2
2048 2
2049 2
2052 2
2053 1
2054 3
2055 7
2056 5
2057 2
2058 1
2059 4
2060 1
2061 3
2062 3
2063 5
2064 4
2066 1
2067 2
2068 1
2069 3
2070 4
2071 3
2072 3
2073 5
2074 2
2075 3
2076 2
2077 4
2078 5
2079 1
2080 5
2081 2
2082 3
2083 4
2084 3
2085 4
2086 1
2087 2
2088 3
2089 1
2090 5
2092 4
2093 1
2094 1
2095 1
2096 2
2097 4
2100 3
2101 2
2102 1
2103 3
2104 1
2105 1
2106 1
2107 1
2108 4
2110 2
2112 3
2113 2
2114 1
2115 3
2116 2
2117 1
2118 3
2119 2
2120 2
2121 4
2122 4
2123 3
2124 1
2125 3
2127 3
2128 6
2129 3
2130 1
2131 1
2132 4
2134 1
2135 2
2136 4
2137 3
2138 3
2139 1
2140 1
2141 2
2142 1
2143 4
2144 3
2145 1
2146 6
2147 1
2148 4
2149 2
2150 5
2151 2
2154 1
2155 2
2157 1
2158 2
2159 3
2160 3
2161 1
2162 2
2163 1
2164 1
2166 2
2167 1
2168 2
2169 4
2170 3
2171 1
2172 1
2173 3
2174 2
2175 1
2178 2
2179 3
2181 4
2182 5
2183 5
2185 2
2186 2
2187 3
2188 3
2189 3
2190 3
2191 2
2192 2
2193 3
2194 2
2195 2
2196 4
2197 2
2198 1
2200 2
2201 4
2202 3
2203 2
2204 3
2205 2
2206 3
2207 2
2208 2
2210 2
2211 2
2212 2
2213 1
2214 1
2216 3
2217 2
2218 2
2219 2
2220 2
2221 4
2222 1
2223 1
2225 4
2227 4
2228 1
2229 3
2230 1
2231 2
2232 2
2233 4
2234 1
2235 3
2236 1
2239 1
2240 2
2241 3
2242 3
2243 2
2244 2
2247 4
2248 3
2249 1
2250 1
2251 5
2252 2
2253 2
2255 1
2257 1
2258 2
2259 1
2260 2
2261 2
2263 1
2264 1
2265 3
2266 3
2267 4
2268 1
2269 3
2270 2
2271 1
2272 2
2273 2
2275 3
2276 1
2277 5
2278 3
2279 1
2280 1
2281 3
2282 2
2283 5
2284 2
2285 1
2287 2
2288 1
2289 2
2291 1
2292 7
2293 1
2294 1
2295 6
2296 3
2297 3
2298 2
2299 3
2300 2
2301 1
2302 4
2303 4
2305 1
2306 2
2307 1
2308 2
2309 4
2310 6
2311 2
2312 1
2313 1
2314 1
2315 2
2316 4
2317 5
2318 1
2319 2
2320 2
2322 3
2323 1
2324 5
2325 1
2326 4
2327 4
2330 6
2331 3
2332 1
2333 2
2334 4
2335 1
2336 2
2337 1
2339 4
2340 2
2341 2
2342 3
2343 1
2344 4
2346 3
2348 2
2349 3
2350 1
2351 5
2352 2
2353 1
2355 2
2356 2
2357 2
2358 1
2359 2
2360 2
2361 1
2362 1
2363 6
2364 2
2365 2
2366 5
2367 2
2370 1
2371 3
2372 4
2374 1
2375 2
2376 1
2377 2
2378 1
2379 3
2380 3
2381 2
2383 2
2384 3
2386 1
2387 3
2389 1
2390 1
2391 2
2392 1
2393 1
2394 1
2395 2
2396 1
2397 2
2398 3
2399 1
2400 2
2401 4
2402 1
2403 5
2404 2
2405 3
2406 2
2407 2
2408 2
2409 2
2410 3
2411 2
2412 1
2414 5
2415 2
2416 1
2418 3
2420 3
2421 1
2422 4
2423 6
2424 1
2426 3
2427 2
2428 1
2429 2
2430 4
2431 1
2432 2
2433 3
2434 3
2435 1
2436 2
2437 2
2438 1
2439 1
2441 3
2442 5
2443 1
2444 3
2445 1
2446 1
2447 2
2448 4
2449 3
2450 3
2451 2
2452 4
2453 1
2454 2
2456 3
2457 3
2458 2
2459 2
2462 2
2463 4
2464 4
2465 1
2466 1
2467 1
2468 1
2469 3
2470 1
2472 1
2473 4
2474 1
2475 3
2478 1
2479 2
2480 3
2481 4
2482 2
2483 3
2484 3
2485 1
2486 2
2487 1
2488 1
2489 2
2490 3
2491 1
2492 1
2493 3
2494 1
2496 1
2497 3
2499 4
2500 4
2501 5
2502 2
2503 1
2504 2
2506 2
2507 1
2508 2
2509 2
2510 4
2511 2
2512 1
2513 3
2514 4
2516 1
2517 3
2518 1
2519 1
2520 3
2521 2
2523 4
2524 1
2526 2
2527 2
2528 2
2531 1
2532 3
2533 2
2534 4
2536 2
2537 3
2538 2
2539 1
2540 2
2541 4
2542 3
2543 1
2545 1
2547 1
2549 2
2550 2
2551 1
2552 3
2553 4
2554 2
2555 1
2557 1
2558 1
2559 1
2560 1
2561 2
2562 3
2565 2
2568 4
2571 2
2572 1
2573 1
2574 2
2575 3
2576 2
2577 3
2578 3
2581 2
2582 1
2583 1
2585 1
2586 2
2587 1
2588 1
2589 2
2590 1
2591 2
2592 3
2593 1
2594 1
2595 2
2596 1
2597 2
2598 1
2599 1
2600 1
2601 1
2604 2
2605 3
2606 2
2607 4
2609 3
2610 2
2613 2
2614 1
2615 1
2616 3
2617 1
2619 1
2620 3
2621 1
2622 1
2623 1
2625 1
2626 2
2628 1
2629 2
2630 2
2631 2
2632 1
2633 2
2635 2
2636 1
2637 1
2639 3
2640 2
2641 5
2642 3
2644 2
2645 3
2646 3
2648 1
2649 2
2650 2
2651 3
2653 1
2654 1
2655 3
2656 3
2657 2
2658 2
2659 3
2660 1
2662 2
2663 2
2664 2
2665 2
2666 1
2667 1
2668 2
2669 3
2670 3
2671 2
2672 3
2673 3
2676 1
2677 3
2678 1
2679 1
2680 3
2681 3
2682 1
2683 1
2684 2
2686 2
2687 1
2690 1
2691 1
2692 3
2693 1
2694 2
2696 2
2698 1
2699 1
2700 2
2701 4
2702 2
2704 3
2705 1
2706 2
2707 1
2709 2
2710 1
2712 1
2713 2
2714 1
2716 2
2717 1
2719 2
2721 2
2722 1
2725 2
2726 1
2727 2
2730 1
2731 3
2732 3
2733 1
2734 2
2735 2
2736 3
2737 4
2738 1
2739 1
2740 1
2742 2
2744 2
2745 4
2746 3
2747 4
2748 2
2749 2
2750 1
2752 3
2753 1
2755 1
2756 1
2757 2
2758 1
2759 2
2760 1
2761 1
2763 1
2766 2
2768 3
2769 1
2770 1
2772 3
2774 2
2777 3
2778 3
2779 3
2780 1
2781 2
2782 1
2784 1
2785 1
2786 3
2787 3
2788 2
2791 3
2792 3
2794 1
2795 3
2797 1
2798 3
2799 2
2800 1
2802 1
2803 2
2804 1
2805 1
2806 3
2807 1
2808 2
2809 1
2811 4
2812 2
2813 1
2814 3
2816 1
2817 1
2818 2
2820 2
2822 3
2823 2
2826 1
2827 2
2829 2
2830 1
2831 3
2833 2
2835 2
2836 2
2837 1
2841 3
2842 2
2843 1
2844 1
2845 2
2848 1
2850 1
2851 3
2853 1
2854 2
2855 1
2856 2
2858 1
2860 1
2861 2
2862 1
2864 1
2865 1
2866 2
2868 2
2869 1
2870 2
2871 1
2872 1
2873 2
2874 1
2875 1
2876 1
2877 2
2879 3
2881 3
2882 4
2883 2
2884 1
2885 1
2886 1
2888 2
2889 2
2890 1
2891 1
2892 1
2893 1
2894 2
2895 1
2896 1
2897 1
2899 1
2900 1
2901 3
2902 1
2904 1
2905 1
2906 2
2910 1
2911 1
2912 1
2914 1
2915 3
2917 2
2918 2
2920 1
2921 3
2922 2
2923 2
2924 1
2925 2
2926 1
2927 2
2928 1
2929 2
2930 1
2932 2
2933 1
2935 1
2937 1
2938 1
2939 3
2940 2
2942 1
2943 1
2944 1
2945 1
2946 3
2947 1
2948 1
2949 1
2950 1
2951 3
2953 2
2955 1
2957 1
2958 1
2959 1
2960 1
2961 2
2963 2
2964 1
2965 1
2967 2
2968 1
2973 1
2974 2
2976 1
2977 1
2978 3
2979 2
2980 2
2982 1
2983 3
2984 1
2986 1
2987 1
2988 1
2993 2
2994 1
2995 1
2996 3
2997 1
2999 2
3000 1
3001 1
3003 3
3004 1
3006 1
3008 1
3010 2
3011 1
3014 3
3015 2
3017 1
3018 2
3019 1
3020 4
3021 1
3022 1
3023 2
3024 1
3027 1
3028 1
3029 1
3030 2
3031 1
3032 1
3033 4
3034 3
3038 1
3039 1
3040 1
3041 1
3043 1
3045 3
3046 3
3050 1
3051 3
3052 1
3053 1
3055 2
3056 2
3057 1
3058 2
3059 1
3061 1
3064 3
3065 1
3066 3
3068 1
3069 2
3070 1
3072 1
3075 2
3076 1
3077 1
3080 1
3081 2
3082 1
3083 2
3084 2
3086 1
3087 1
3088 1
3089 1
3090 1
3091 3
3093 2
3094 1
3095 1
3096 2
3097 1
3098 1
3100 3
3101 1
3104 3
3105 1
3106 2
3107 2
3109 2
3110 2
3111 2
3113 2
3116 2
3117 1
3119 2
3120 1
3121 3
3122 1
3125 1
3126 3
3129 1
3130 1
3131 3
3133 2
3134 2
3135 1
3136 2
3137 1
3138 2
3139 3
3141 4
3145 1
3146 2
3147 2
3148 1
3151 1
3153 1
3156 1
3157 1
3158 1
3159 1
3160 1
3161 2
3162 2
3163 1
3164 1
3166 1
3167 1
3168 1
3170 1
3172 3
3173 1
3174 1
3175 1
3176 2
3177 2
3178 2
3179 1
3180 1
3181 1
3182 2
3185 1
3186 1
3187 1
3189 3
3191 1
3194 3
3195 3
3196 2
3197 2
3198 1
3201 2
3203 1
3204 1
3205 1
3206 1
3207 2
3209 1
3211 3
3212 1
3213 3
3214 1
3216 2
3218 3
3222 2
3223 1
3225 2
3226 1
3229 1
3230 1
3232 1
3233 3
3234 1
3235 1
3237 2
3238 1
3239 1
3240 2
3241 1
3242 1
3244 2
3246 2
3247 1
3252 1
3255 1
3256 2
3258 1
3259 2
3262 1
3263 4
3264 1
3265 2
3266 1
3267 1
3268 2
3270 1
3271 1
3272 1
3273 1
3275 1
3277 2
3279 1
3280 2
3281 2
3282 1
3287 2
3288 1
3289 1
3291 1
3292 1
3293 1
3294 1
3295 2
3297 2
3298 2
3300 1
3301 2
3302 2
3304 1
3306 1
3308 2
3309 3
3311 4
3312 3
3313 3
3314 1
3317 1
3318 2
3319 2
3322 2
3324 4
3326 3
3328 1
3329 3
3331 1
3335 1
3337 4
3338 2
3339 1
3341 2
3343 2
3346 1
3348 2
3349 2
3350 1
3352 1
3353 1
3354 3
3356 1
3361 1
3365 2
3367 1
3369 2
3371 1
3372 1
3373 2
3374 2
3377 1
3378 1
3379 1
3380 1
3381 1
3382 1
3383 2
3385 2
3386 4
3388 1
3389 2
3392 2
3394 2
3396 2
3398 1
3399 1
3400 4
3401 2
3404 1
3408 1
3410 1
3411 2
3413 1
3414 1
3415 1
3417 1
3419 2
3420 1
3421 3
3424 2
3425 2
3426 3
3427 1
3428 2
3430 3
3432 1
3433 2
3436 1
3437 2
3438 1
3441 1
3442 1
3443 1
3445 4
3446 1
3448 2
3449 1
3450 2
3454 1
3455 1
3456 1
3459 3
3460 1
3461 2
3462 3
3463 1
3465 2
3466 1
3467 1
3469 2
3471 1
3473 1
3474 3
3476 2
3480 2
3482 2
3483 1
3484 1
3485 1
3486 1
3487 2
3488 1
3489 2
3491 1
3492 1
3493 1
3497 1
3500 1
3501 1
3502 1
3503 1
3504 1
3508 2
3509 1
3512 1
3513 1
3514 1
3516 3
3517 3
3518 1
3519 2
3521 2
3522 1
3523 1
3525 1
3527 2
3528 1
3532 1
3534 1
3536 4
3538 2
3539 1
3542 2
3546 2
3548 1
3549 1
3550 1
3551 1
3552 2
3554 1
3556 1
3557 2
3564 1
3565 1
3567 1
3569 1
3570 1
3571 1
3572 2
3575 1
3576 1
3577 2
3583 1
3589 2
3590 1
3592 1
3598 1
3602 1
3603 1
3604 1
3605 1
3606 1
3607 1
3609 2
3611 3
3615 1
3616 1
3618 3
3619 1
3621 3
3622 1
3624 1
3625 2
3628 2
3629 1
3630 1
3631 1
3634 3
3636 2
3638 1
3639 3
3645 1
3648 3
3649 1
3651 2
3652 1
3653 1
3654 1
3655 1
3656 1
3657 4
3661 2
3662 1
3665 2
3666 1
3667 1
3670 1
3671 1
3673 1
3678 1
3679 2
3681 2
3683 1
3684 2
3685 1
3686 1
3687 1
3688 2
3689 1
3693 2
3694 1
3695 1
3696 1
3700 3
3701 2
3702 1
3705 2
3709 2
3712 2
3715 1
3716 2
3717 2
3718 1
3719 1
3721 1
3722 1
3726 1
3730 4
3732 1
3733 1
3734 1
3736 2
3738 3
3739 1
3741 1
3742 1
3743 1
3745 2
3746 2
3749 1
3751 2
3752 1
3753 1
3755 1
3756 2
3757 1
3759 3
3761 1
3762 2
3766 1
3767 1
3768 1
3771 1
3773 1
3774 1
3776 2
3778 2
3785 1
3786 1
3789 1
3790 1
3791 1
3792 2
3793 1
3798 2
3800 2
3803 1
3804 1
3805 1
3808 1
3809 1
3810 1
3823 3
3825 3
3826 1
3829 2
3830 3
3834 1
3835 2
3838 1
3840 1
3842 1
3844 1
3845 2
3847 2
3849 3
3850 1
3852 2
3853 2
3854 2
3856 2
3858 1
3862 1
3863 1
3864 2
3865 2
3866 2
3867 1
3871 1
3872 1
3873 1
3878 1
3880 1
3881 1
3882 1
3883 1
3884 2
3885 1
3886 1
3891 1
3893 1
3895 1
3896 1
3897 1
3900 1
3902 3
3903 1
3904 2
3905 1
3908 1
3910 3
3911 1
3912 2
3913 1
3914 2
3918 1
3919 1
3920 3
3921 2
3923 1
3926 2
3931 2
3932 1
3933 1
3936 1
3939 1
3941 2
3947 1
3950 1
3951 2
3952 2
3954 2
3955 3
3958 1
3959 1
3962 1
3965 1
3973 1
3974 2
3976 1
3982 1
3984 1
3985 1
3986 1
3987 1
3988 3
3989 1
3991 2
3992 2
3993 2
3996 1
3997 1
3998 1
4002 1
4006 1
4008 1
4009 1
4010 3
4012 1
4013 1
4015 2
4016 1
4018 2
4019 1
4020 2
4021 1
4022 1
4025 2
4026 1
4029 1
4035 1
4037 1
4038 1
4040 1
4041 1
4043 1
4044 1
4045 2
4046 1
4048 1
4052 2
4055 1
4057 1
4059 1
4063 1
4064 1
4065 2
4066 2
4071 3
4072 1
4075 1
4076 1
4078 2
4079 1
4081 1
4083 1
4084 1
4085 1
4087 1
4089 2
4091 1
4095 1
4097 1
4098 1
4099 1
4101 2
4103 1
4105 1
4106 2
4107 2
4109 1
4110 1
4111 3
4113 1
4119 1
4121 1
4123 2
4126 2
4129 1
4134 2
4136 3
4138 1
4141 1
4142 3
4143 1
4145 1
4148 1
4149 1
4150 1
4151 1
4152 1
4154 1
4158 1
4159 1
4163 1
4164 1
4168 1
4169 1
4171 1
4174 1
4176 1
4177 1
4179 2
4181 1
4185 1
4187 3
4188 2
4189 2
4190 1
4197 2
4198 1
4200 1
4201 1
4202 1
4203 1
4205 1
4207 1
4210 1
4211 1
4213 1
4216 1
4217 1
4221 1
4222 1
4225 1
4229 1
4232 2
4238 1
4244 1
4246 1
4247 1
4249 1
4252 1
4255 3
4261 2
4263 1
4264 1
4266 2
4270 2
4271 1
4273 1
4275 1
4276 1
4280 1
4281 2
4287 1
4291 3
4295 1
4298 1
4300 1
4302 2
4304 2
4310 3
4312 3
4314 1
4315 1
4316 1
4317 1
4321 1
4326 3
4327 2
4332 1
4333 1
4334 1
4335 1
4336 1
4340 2
4341 1
4342 1
4343 2
4344 1
4345 2
4347 1
4349 1
4350 1
4351 2
4354 1
4355 1
4357 1
4363 1
4365 3
4371 1
4377 1
4384 1
4385 1
4386 1
4387 1
4393 1
4394 1
4395 2
4396 1
4397 2
4405 1
4411 1
4415 1
4416 1
4425 1
4429 1
4435 1
4436 1
4447 2
4450 1
4451 1
4454 3
4457 1
4459 1
4462 1
4464 1
4473 2
4475 1
4476 1
4477 1
4486 1
4487 1
4491 1
4492 1
4496 1
4500 1
4502 2
4516 2
4518 3
4520 2
4524 1
4526 1
4527 1
4536 1
4539 2
4541 1
4544 1
4548 1
4552 1
4555 2
4558 1
4559 1
4566 1
4569 1
4576 3
4583 1
4584 1
4585 1
4587 1
4588 1
4593 1
4595 1
4597 1
4602 1
4603 2
4604 1
4605 2
4607 1
4609 1
4612 1
4613 2
4617 2
4634 1
4637 1
4642 1
4647 2
4651 3
4653 1
4656 2
4657 1
4661 1
4662 4
4663 1
4664 1
4666 1
4667 1
4668 1
4669 1
4671 1
4675 1
4676 2
4677 1
4682 1
4685 1
4686 1
4687 1
4688 1
4691 1
4692 1
4694 1
4695 1
4696 1
4697 1
4699 2
4700 1
4703 1
4705 1
4706 1
4707 2
4709 1
4711 1
4714 2
4715 1
4717 1
4720 1
4724 2
4726 2
4727 1
4728 1
4729 2
4730 1
4731 1
4732 1
4733 2
4734 1
4736 1
4738 1
4739 1
4740 2
4742 1
4743 1
4747 1
4756 1
4757 1
4758 1
4760 1
4763 1
4765 1
4766 1
4767 1
4770 1
4773 1
4774 1
4777 1
4780 1
4781 1
4782 1
4785 1
4786 1
4791 1
4792 1
4793 1
4795 1
4796 2
4797 1
4800 1
4801 3
4802 1
4803 1
4804 3
4806 2
4807 1
4812 1
4813 1
4816 1
4817 2
4818 2
4819 1
4821 1
4822 1
4823 1
4826 1
4828 1
4831 2
4832 2
4833 1
4836 2
4839 1
4840 1
4841 1
4842 1
4846 2
4848 1
4850 1
4857 1
4858 1
4863 1
4864 1
4873 1
4877 1
4878 1
4884 1
4886 1
4898 1
4899 2
4902 1
4907 1
4912 1
4914 1
4916 1
4917 1
4918 1
4919 1
4923 1
4926 1
4927 1
4930 3
4933 1
4935 1
4936 1
4937 1
4938 1
4939 1
4942 1
4943 1
4944 1
4945 3
4946 1
4947 1
4951 2
4953 1
4954 1
4959 2
4962 1
4963 1
4967 3
4968 1
4970 1
4972 1
4980 1
4982 1
4987 2
4990 1
4993 1
4997 2
4998 2
5000 2
5001 1
5002 1
5003 1
5004 1
5005 2
5006 3
5008 2
5009 2
5012 1
5013 3
5014 1
5016 1
5017 2
5018 3
5019 4
5020 3
5022 2
5023 2
5024 4
5025 3
5026 3
5027 1
5028 1
5029 4
5030 2
5031 1
5032 2
5033 3
5034 1
5035 2
5036 1
5037 1
5042 2
5045 1
5046 2
5047 2
5048 1
5051 1
5052 1
5054 1
5059 2
5061 1
5066 2
5069 1
5070 1
5072 1
5073 1
5077 2
5078 1
5084 1
5085 1
5089 1
5091 1
5096 1
5100 1
5109 1
5110 1
5112 1
5117 1
5120 1
5122 1
5123 3
5126 1
5127 1
5128 1
5129 1
5130 1
5131 1
5133 1
5137 1
5138 1
5139 2
5144 1
5150 1
5152 1
5154 1
5158 2
5162 1
5166 1
5168 1
5175 1
5176 1
5178 1
5183 1
5184 1
5186 1
5187 1
5188 1
5189 1
5193 1
5196 1
5197 1
5206 1
5208 1
5211 2
5212 2
5213 1
5214 1
5215 1
5217 1
5220 1
5228 1
5235 1
5240 1
5246 1
5247 2
5251 2
5258 2
5259 1
5261 2
5264 1
5266 1
5267 1
5268 1
5272 1
5273 1
5275 1
5280 1
5283 1
5284 1
5289 1
5290 1
5291 1
5292 1
5293 2
5301 1
5303 1
5304 1
5306 1
5308 1
5309 1
5313 1
5320 2
5323 2
5324 1
5329 1
5330 1
5334 2
5337 1
5340 1
5343 1
5357 1
5366 2
5367 1
5368 2
5373 2
5374 1
5377 1
5381 1
5382 1
5385 1
5392 1
5394 1
5395 2
5398 1
5406 1
5409 1
5414 2
5415 1
5418 1
5424 1
5436 1
5439 1
5454 2
5456 2
5459 1
5467 2
5468 2
5470 1
5473 1
5474 1
5475 1
5476 1
5477 1
5478 1
5482 2
5486 1
5494 1
5495 1
5497 1
5499 2
5501 2
5502 1
5504 1
5507 1
5510 1
5514 1
5515 1
5521 2
5527 1
5528 1
5533 1
5534 1
5538 1
5541 1
5546 1
5547 1
5552 1
5553 1
5554 1
5555 1
5560 2
5562 1
5568 1
5569 1
5570 1
5571 1
5573 1
5581 1
5582 1
5583 1
5587 1
5591 2
5592 1
5593 1
5597 1
5600 1
5610 1
5613 2
5614 1
5617 2
5618 1
5620 1
5622 1
5624 1
5625 1
5628 1
5630 1
5631 1
5634 2
5636 1
5637 1
5638 1
5639 1
5641 1
5642 1
5649 1
5650 1
5654 1
5664 1
5667 1
5670 1
5671 1
5676 1
5678 1
5686 1
5694 1
5696 1
5697 1
5698 1
5702 1
5704 1
5706 1
5708 1
5709 1
5713 1
5714 1
5715 1
5716 2
5721 1
5722 1
5723 1
5734 1
5736 1
5741 2
5742 1
5747 1
5750 1
5754 1
5755 1
5756 1
5757 1
5758 2
5759 1
5765 1
5766 1
5769 1
5776 1
5777 1
5783 2
5789 1
5791 1
5793 1
5797 1
5799 1
5804 1
5807 1
5810 1
5818 1
5823 2
5824 1
5829 1
5842 1
5844 1
5849 4
5851 1
5852 1
5855 2
5857 2
5865 2
5868 2
5869 1
5872 1
5880 1
5882 1
5891 1
5892 1
5903 1
5904 1
5907 1
5914 1
5920 1
5927 2
5928 1
5931 1
5932 1
5935 1
5936 1
5943 1
5949 1
5951 1
5952 1
5954 1
5958 1
5961 1
5966 1
5967 1
5970 1
5973 1
5974 1
5977 1
5978 1
5982 1
5983 1
5986 1
5990 2
5991 1
5992 1
5996 2
5997 1
6002 1
6004 2
6006 1
6007 1
6010 1
6013 1
6018 1
6021 1
6024 1
6031 1
6034 1
6035 1
6044 1
6046 1
6051 1
6052 4
6055 2
6056 1
6066 2
6074 1
6093 1
6094 1
6096 1
6100 1
6103 1
6111 1
6121 1
6126 1
6127 1
6134 1
6136 1
6140 1
6141 1
6144 1
6147 1
6150 2
6154 1
6156 1
6164 1
6165 1
6176 1
6177 1
6179 1
6182 1
6191 2
6194 1
6196 1
6203 1
6204 3
6209 1
6215 1
6222 2
6226 1
6229 1
6232 1
6238 1
6242 1
6250 2
6251 1
6252 1
6253 1
6255 2
6257 1
6259 1
6262 1
6267 1
6271 1
6277 1
6279 1
6299 1
6301 1
6302 1
6310 1
6311 1
6315 1
6316 1
6317 1
6320 1
6321 1
6322 1
6332 1
6352 1
6353 1
6355 1
6356 1
6360 1
6362 1
6371 1
6387 1
6389 1
6400 1
6413 1
6419 1
6420 1
6422 1
6430 2
6432 1
6438 1
6445 2
6450 2
6455 1
6457 2
6460 1
6465 1
6470 2
6472 1
6474 1
6476 1
6477 1
6482 1
6483 2
6488 1
6490 1
6491 1
6492 1
6495 1
6496 2
6505 1
6520 1
6525 1
6526 1
6532 1
6533 2
6536 1
6539 1
6544 1
6545 1
6546 1
6549 1
6552 2
6557 1
6562 2
6580 2
6581 1
6582 2
6584 1
6585 2
6586 1
6588 1
6593 1
6594 1
6602 2
6603 1
6604 1
6605 1
6607 1
6610 1
6620 2
6631 1
6639 1
6645 2
6647 1
6649 1
6653 1
6656 1
6661 1
6664 1
6670 1
6674 2
6676 1
6678 1
6685 1
6687 1
6689 1
6690 1
6691 1
6693 1
6695 1
6697 1
6701 1
6704 1
6708 1
6709 1
6739 2
6754 1
6759 1
6761 1
6766 1
6770 2
6771 1
6775 1
6780 1
6791 1
6797 1
6803 1
6812 1
6815 1
6824 1
6826 1
6833 1
6845 1
6846 1
6852 1
6853 1
6859 1
6864 1
6868 1
6869 1
6875 2
6881 2
6882 1
6887 1
6888 2
6892 2
6893 1
6894 1
6896 1
6899 1
6900 1
6901 1
6902 1
6904 1
6905 2
6908 1
6910 2
6911 2
6913 1
6914 1
6918 2
6919 1
6920 1
6922 1
6931 1
6938 1
6940 2
6941 2
6942 1
6944 1
6950 1
6957 1
6958 2
6959 1
6973 1
6977 1
6979 1
6981 1
6984 2
6986 1
6990 1
6991 2
6999 1
7007 2
7009 1
7010 1
7011 1
7014 1
7021 1
7025 2
7027 1
7033 1
7036 1
7037 2
7041 1
7042 1
7043 1
7044 1
7051 1
7062 1
7065 1
7068 2
7078 1
7081 2
7082 1
7085 1
7090 2
7098 1
7102 1
7105 1
7114 1
7118 1
7120 1
7121 1
7122 1
7125 1
7134 1
7136 1
7137 1
7145 1
7147 3
7152 3
7159 1
7164 1
7168 2
7179 1
7180 1
7183 2
7186 1
7197 1
7202 1
7203 1
7204 1
7207 1
7208 2
7209 1
7211 1
7214 1
7225 1
7227 2
7230 1
7252 1
7253 1
7257 1
7262 1
7270 1
7274 1
7276 1
7280 1
7281 1
7294 1
7296 1
7300 1
7304 2
7307 1
7318 1
7319 1
7320 1
7323 1
7336 1
7348 1
7350 1
7362 1
7363 1
7364 1
7366 1
7367 1
7369 1
7372 1
7383 1
7392 1
7393 1
7394 1
7409 1
7434 1
7437 1
7445 1
7456 3
7462 1
7479 1
7484 1
7492 1
7497 1
7501 2
7503 1
7508 1
7511 1
7513 1
7516 1
7523 1
7526 2
7532 1
7536 1
7537 1
7539 1
7545 1
7547 1
7549 1
7555 1
7564 1
7568 1
7584 1
7585 1
7589 1
7590 1
7592 1
7604 1
7605 1
7606 1
7612 1
7616 2
7617 1
7618 2
7619 1
7620 1
7625 1
7626 1
7631 2
7635 1
7642 1
7651 1
7654 1
7660 1
7662 1
7665 1
7667 1
7669 1
7672 1
7676 1
7684 1
7685 1
7688 1
7693 1
7702 1
7709 1
7716 1
7723 2
7732 1
7735 1
7738 2
7743 1
7744 1
7745 1
7749 2
7760 1
7774 1
7781 1
7784 2
7790 1
7796 1
7808 2
7810 1
7824 1
7825 1
7827 1
7835 1
7841 1
7842 1
7846 1
7852 1
7853 2
7858 1
7859 2
7863 1
7865 1
7866 1
7870 1
7871 1
7873 1
7874 1
7875 1
7880 1
7881 1
7882 1
7883 1
7890 1
7893 1
7894 1
7895 2
7898 1
7899 3
7900 1
7905 1
7906 1
7909 1
7914 1
7917 1
7920 2
7922 1
7923 1
7924 1
7925 1
7930 1
7931 2
7933 1
7935 1
7939 1
7940 1
7941 1
7954 1
7955 1
7960 1
7962 1
7963 1
7964 1
7965 2
7967 1
7968 1
7971 1
7973 1
7984 2
7985 1
7986 1
7991 1
7992 1
7994 2
7997 1
7999 1
8002 1
8005 2
8010 1
8011 1
8012 1
8013 1
8015 1
8018 1
8019 1
8020 1
8021 2
8023 1
8024 1
8032 1
8033 1
8036 1
8037 1
8038 1
8039 1
8040 1
8042 2
8044 1
8048 2
8049 1
8051 1
8052 2
8053 1
8054 1
8055 1
8060 1
8062 1
8063 2
8069 1
8071 2
8076 1
8080 1
8084 1
8086 2
8087 1
8089 1
8091 1
8092 1
8095 1
8096 1
8097 1
8101 2
8107 1
8108 1
8109 1
8110 1
8112 1
8114 1
8115 1
8116 1
8117 1
8118 1
8122 1
8124 1
8131 3
8137 1
8138 2
8141 1
8144 2
8145 1
8152 1
8159 1
8161 1
8162 2
8163 1
8164 1
8166 2
8167 2
8173 1
8178 1
8179 1
8181 1
8194 1
8195 2
8198 1
8202 1
8203 1
8206 2
8208 2
8210 2
8212 1
8213 1
8218 1
8221 1
8224 1
8230 1
8236 1
8239 2
8241 2
8243 1
8245 1
8247 1
8248 2
8251 2
8256 2
8258 2
8265 1
8270 1
8271 1
8273 1
8275 1
8276 1
8278 1
8284 1
8289 1
8291 1
8294 1
8297 1
8308 1
8309 1
8310 1
8311 1
8312 1
8326 2
8327 1
8328 1
8330 1
8332 2
8334 1
8335 1
8339 1
8340 2
8351 2
8352 1
8353 2
8356 1
8365 1
8366 1
8367 1
8368 1
8372 1
8373 1
8375 1
8376 1
8384 2
8388 1
8390 3
8396 1
8398 1
8399 1
8401 1
8403 1
8404 1
8409 2
8416 1
8418 1
8419 1
8420 1
8421 1
8423 1
8425 2
8427 1
8432 1
8435 1
8436 1
8438 1
8442 1
8444 2
8445 1
8446 2
8450 2
8452 2
8453 1
8457 2
8458 1
8461 3
8464 1
8469 1
8474 1
8476 1
8478 1
8479 1
8483 3
8486 1
8487 1
8494 1
8495 2
8499 1
8500 1
8502 1
8503 1
8504 1
8505 1
8506 1
8511 1
8518 1
8519 2
8522 1
8524 2
8527 2
8528 1
8531 1
8532 2
8535 1
8536 1
8541 2
8542 1
8543 1
8544 1
8549 1
8553 1
8555 1
8556 1
8561 1
8571 1
8573 1
8575 1
8582 1
8583 1
8584 2
8588 2
8591 2
8598 1
8599 1
8602 1
8605 2
8609 1
8614 2
8616 2
8617 2
8618 1
8619 1
8622 2
8624 1
8626 1
8628 1
8630 1
8635 1
8636 1
8638 2
8639 1
8642 1
8643 1
8647 1
8648 1
8651 1
8656 1
8657 2
8661 1
8674 1
8677 1
8678 2
8679 1
8687 1
8688 1
8696 1
8699 1
8702 1
8703 2
8705 1
8718 1
8719 1
8721 1
8727 2
8728 1
8729 1
8733 1
8734 1
8735 1
8744 1
8745 1
8747 1
8752 1
8754 2
8755 1
8757 1
8758 1
8759 1
8763 2
8764 1
8767 1
8768 1
8769 2
8771 1
8775 1
8776 2
8777 1
8780 2
8782 1
8784 2
8785 1
8786 2
8787 1
8788 1
8790 1
8793 1
8794 1
8795 2
8798 2
8802 1
8803 1
8805 3
8809 1
8812 2
8813 1
8814 1
8815 1
8820 1
8821 1
8822 1
8823 1
8824 1
8825 1
8826 2
8832 1
8836 1
8837 1
8839 1
8846 1
8847 1
8849 3
8850 1
8852 2
8855 2
8856 1
8860 1
8862 1
8865 1
8866 2
8868 1
8869 1
8870 1
8873 1
8877 2
8878 1
8879 1
8881 2
8882 2
8883 2
8884 1
8886 2
8887 3
8890 1
8891 2
8894 1
8895 1
8896 2
8897 1
8898 1
8903 1
8904 2
8905 2
8908 1
8910 1
8911 1
8914 1
8918 3
8921 1
8923 1
8924 1
8925 2
8932 1
8934 1
8937 1
8939 1
8940 2
8941 1
8945 2
8946 1
8947 1
8948 1
8952 1
8954 1
8960 2
8961 1
8963 3
8965 1
8967 1
8969 1
8970 1
8971 3
8972 1
8974 1
8975 2
8976 2
8977 1
8980 2
8983 1
8986 1
8987 1
8990 1
8994 2
8995 1
8997 1
8999 1
9000 1
9001 1
9002 1
9005 2
9006 1
9010 1
9011 1
9012 4
9014 2
9019 2
9022 1
9028 1
9034 1
9038 1
9039 2
9051 1
9052 2
9054 1
9056 1
9058 1
9059 1
9061 3
9063 1
9064 1
9065 1
9066 1
9068 1
9070 1
9075 2
9076 2
9078 2
9080 3
9082 1
9083 1
9085 2
9086 1
9087 1
9092 1
9093 2
9097 2
9100 1
9101 2
9102 2
9103 1
9104 1
9105 1
9106 1
9109 1
9110 1
9112 1
9113 2
9114 2
9117 2
9119 1
9122 1
9124 1
9129 1
9131 1
9132 1
9133 1
9135 1
9136 1
9138 1
9141 1
9144 1
9145 3
9146 2
9147 1
9149 2
9150 1
9163 1
9166 2
9173 1
9175 1
9176 1
9178 1
9179 1
9182 2
9185 1
9188 1
9190 1
9193 1
9194 1
9197 1
9198 1
9202 1
9203 1
9204 1
9206 1
9207 1
9216 2
9220 1
9221 2
9222 2
9224 1
9230 2
9233 1
9235 1
9236 1
9237 1
9239 1
9243 1
9244 1
9246 1
9247 1
9249 1
9251 2
9258 1
9260 2
9262 1
9263 1
9265 2
9266 1
9268 2
9269 1
9271 2
9272 1
9273 2
9275 1
9277 1
9278 1
9279 1
9281 1
9282 1
9287 1
9293 3
9294 1
9296 1
9299 1
9300 1
9305 1
9307 1
9314 2
9315 2
9319 1
9320 1
9326 1
9328 1
9330 1
9331 1
9332 1
9335 1
9337 2
9339 2
9340 1
9344 1
9345 1
9349 1
9350 2
9356 1
9357 1
9363 1
9366 1
9367 2
9372 1
9374 1
9375 1
9377 1
9380 1
9383 1
9387 1
9389 2
9392 1
9398 1
9402 1
9403 1
9404 1
9405 1
9410 1
9411 3
9414 1
9416 1
9425 1
9427 1
9430 1
9431 1
9432 1
9433 1
9434 1
9436 1
9437 1
9438 1
9439 1
9442 2
9446 1
9449 3
9453 1
9455 3
9463 1
9465 4
9467 1
9468 2
9475 1
9477 1
9482 1
9483 1
9485 2
9486 1
9488 1
9494 1
9495 1
9497 3
9498 1
9499 1
9502 1
9504 1
9508 1
9509 1
9510 2
9512 1
9513 2
9514 1
9517 2
9518 1
9522 1
9523 1
9524 1
9527 1
9528 2
9530 1
9531 2
9532 1
9536 1
9538 1
9539 1
9544 1
9548 2
9551 1
9553 1
9557 2
9558 1
9560 3
9562 1
9565 1
9566 1
9567 1
9570 1
9573 1
9574 2
9576 1
9578 2
9579 4
9580 2
9588 1
9593 1
9597 1
9598 1
9603 1
9607 1
9610 2
9620 1
9626 2
9628 1
9630 1
9631 1
9633 1
9637 1
9638 1
9640 1
9641 2
9643 1
9644 1
9646 1
9649 1
9655 1
9656 2
9659 1
9661 1
9663 1
9672 2
9673 1
9676 1
9678 2
9682 1
9684 1
9686 1
9688 1
9690 1
9692 1
9693 1
9694 1
9695 1
9696 1
9697 1
9703 1
9707 1
9710 1
9713 1
9715 2
9716 1
9720 4
9721 1
9723 1
9724 2
9725 4
9731 2
9734 1
9736 1
9737 2
9741 2
9742 1
9743 1
9744 1
9747 1
9748 1
9751 2
9752 2
9754 1
9755 1
9757 2
9763 1
9765 1
9766 2
9774 1
9777 2
9782 1
9783 1
9787 3
9789 2
9792 1
9795 2
9798 1
9801 1
9803 1
9805 1
9806 1
9812 1
9814 1
9815 1
9818 1
9821 2
9822 1
9825 1
9826 1
9827 1
9828 2
9832 2
9837 1
9839 2
9840 2
9841 1
9842 1
9843 3
9844 1
9845 1
9850 1
9852 1
9853 1
9855 2
9860 1
9862 1
9864 1
9865 1
9868 2
9869 1
9875 1
9876 2
9877 1
9878 1
9879 2
9881 1
9885 2
9886 1
9887 1
9891 1
9892 1
9894 1
9895 3
9896 1
9897 2
9898 1
9899 1
9901 2
9902 1
9903 1
9904 1
9905 1
9906 1
9907 3
9914 1
9917 1
9919 1
9921 3
9923 5
9926 1
9927 2
9928 1
9932 1
9933 1
9935 2
9938 1
9939 2
9940 1
9942 2
9943 1
9946 1
9947 2
9948 3
9949 1
9950 2
9951 1
9953 1
9956 2
9957 1
9958 2
9963 1
9964 1
9965 1
9967 1
9973 3
9974 1
9976 1
9978 5
9980 1
9981 1
9983 1
9985 1
9986 2
9989 1
9990 1
9991 1
9992 1
9997 2
9998 1
9999 1
10001 1
10002 1
10003 3
10004 1
10005 2
10006 1
10007 2
10009 1
10013 2
10015 1
10016 1
10018 2
10019 2
10020 2
10021 1
10022 1
10025 1
10026 3
10027 2
10029 1
10031 1
10032 1
10035 1
10036 1
10038 1
10042 2
10043 4
10045 3
10046 1
10047 1
10048 1
10049 1
10050 2
10053 1
10056 1
10058 1
10059 1
10060 1
10061 4
10065 1
10067 1
10068 1
10069 1
10070 1
10071 2
10072 4
10073 3
10075 1
10078 1
10079 1
10083 6
10084 1
10085 2
10086 2
10087 1
10089 1
10090 1
10091 2
10092 1
10093 2
10094 2
10096 2
10097 1
10100 1
10101 1
10105 2
10106 1
10107 1
10109 1
10113 2
10114 1
10115 1
10116 1
10119 1
10120 1
10121 1
10122 2
10124 2
10125 3
10126 2
10127 2
10128 3
10132 1
10133 1
10135 1
10136 1
10137 2
10138 2
10139 4
10142 1
10144 1
10145 1
10149 1
10150 3
10151 1
10152 2
10155 1
10157 1
10161 1
10162 1
10165 1
10166 1
10167 1
10168 2
10169 1
10170 1
10171 3
10172 1
10174 1
10175 1
10176 1
10177 1
10179 1
10180 1
10181 1
10182 1
10183 1
10185 1
10187 1
10189 1
10190 4
10192 1
10193 1
10198 1
10199 1
10201 4
10203 1
10205 1
10206 1
10207 2
10211 1
10212 1
10214 1
10215 2
10218 3
10219 2
10220 2
10222 1
10223 1
10225 2
10227 1
10230 1
10233 1
10237 1
10241 2
10243 1
10244 2
10245 1
10250 3
10252 1
10256 2
10257 2
10258 1
10259 2
10261 1
10262 1
10263 1
10264 1
10266 1
10267 2
10268 1
10269 1
10270 3
10273 1
10274 1
10275 1
10276 3
10277 1
10278 2
10279 1
10280 3
10281 1
10283 2
10284 1
10285 2
10288 1
10290 1
10291 4
10292 1
10293 1
10294 2
10295 1
10297 2
10298 3
10299 2
10301 1
10302 1
10304 1
10306 1
10307 1
10308 1
10309 1
10311 1
10315 1
10316 1
10317 1
10318 2
10319 1
10320 1
10321 2
10323 1
10325 1
10327 1
10328 1
10330 1
10331 2
10333 1
10334 2
10335 1
10338 2
10341 1
10342 1
10343 2
10345 1
10347 1
10348 1
10349 1
10351 1
10352 2
10360 3
10361 1
10365 2
10366 1
10368 2
10370 1
10373 1
10374 1
10375 2
10378 1
10379 3
10380 1
10383 1
10385 1
10391 1
10392 1
10399 1
10401 1
10402 1
10404 1
10408 3
10411 1
10412 2
10414 2
10415 1
10421 1
10423 1
10426 1
10429 1
10430 1
10434 1
10435 1
10436 3
10437 1
10441 1
10443 1
10444 1
10445 1
10446 1
10448 1
10449 1
10455 2
10457 1
10462 1
10466 2
10468 1
10469 1
10475 1
10480 1
10482 1
10486 1
10487 1
10490 1
10493 1
10498 1
10499 1
10501 1
10503 2
10504 1
10505 1
10507 1
10508 2
10511 1
10512 2
10515 2
10516 1
10519 1
10522 1
10525 1
10528 1
10531 1
10532 1
10538 2
10540 1
10542 1
10544 1
10548 1
10550 2
10552 1
10554 2
10555 1
10558 2
10559 2
10560 1
10561 1
10562 1
10567 2
10568 1
10569 2
10571 3
10572 1
10573 1
10574 3
10575 2
10576 1
10579 2
10580 3
10581 1
10584 2
10586 2
10591 1
10595 1
10596 1
10597 2
10599 3
10601 1
10603 1
10604 1
10605 1
10606 1
10607 1
10609 1
10610 1
10611 3
10612 2
10613 1
10615 2
10617 2
10618 1
10622 2
10623 1
10626 1
10627 1
10631 1
10632 1
10633 1
10634 2
10635 1
10637 2
10640 1
10641 1
10642 1
10643 2
10644 1
10645 2
10646 4
10647 1
10648 2
10650 5
10652 1
10653 1
10654 1
10655 2
10657 2
10659 1
10661 2
10662 1
10663 1
10664 2
10665 1
10670 3
10671 3
10672 1
10674 2
10676 1
10677 1
10678 1
10680 2
10686 1
10687 2
10688 1
10692 1
10693 4
10694 1
10697 1
10699 1
10700 1
10701 1
10703 1
10705 1
10706 1
10709 2
10713 1
10715 4
10716 1
10718 2
10719 1
10720 2
10721 1
10722 1
10723 1
10725 1
10727 1
10728 2
10731 2
10732 3
10733 1
10737 1
10744 1
10745 1
10746 2
10749 1
10751 1
10753 2
10754 2
10757 1
10758 1
10759 1
10760 1
10765 1
10767 2
10769 1
10771 1
10773 2
10776 1
10779 1
10780 1
10781 2
10784 1
10787 1
10789 2
10791 1
10792 1
10794 1
10795 1
10796 2
10799 2
10800 1
10806 2
10807 1
10808 2
10811 2
10813 2
10817 1
10818 1
10820 1
10823 3
10824 1
10826 1
10831 1
10832 2
10833 1
10835 1
10837 1
10838 1
10840 2
10841 1
10843 1
10844 1
10845 2
10847 1
10848 1
10850 1
10855 1
10857 1
10859 3
10861 3
10868 1
10869 1
10870 1
10872 1
10876 1
10877 1
10878 1
10880 1
10885 2
10891 1
10893 1
10894 1
10895 1
10896 1
10898 1
10900 2
10903 2
10904 1
10907 1
10908 1
10909 1
10912 1
10914 1
10917 1
10918 1
10921 1
10922 1
10924 1
10928 1
10929 1
10932 1
10936 1
10941 1
10945 1
10947 1
10949 1
10951 1
10953 2
10954 1
10957 1
10959 3
10962 1
10963 1
10965 1
10967 1
10970 1
10971 1
10973 1
10981 2
10985 1
10986 1
10987 1
10990 1
10991 2
10992 2
10993 2
10994 1
10998 1
10999 1
11003 1
11004 3
11005 1
11008 1
11009 1
11012 1
11014 1
11016 1
11018 2
11020 1
11025 3
11026 2
11028 2
11029 1
11032 2
11034 1
11036 2
11043 1
11045 4
11056 1
11057 1
11058 1
11065 1
11068 1
11071 1
11075 1
11076 1
11077 1
11079 1
11083 1
11085 1
11088 1
11091 1
11092 1
11093 1
11096 2
11097 1
11103 1
11104 2
11105 1
11110 1
11112 2
11116 1
11117 2
11118 1
11120 1
11124 2
11126 1
11129 2
11130 1
11131 1
11133 1
11136 1
11140 1
11141 1
11142 1
11143 1
11144 1
11149 1
11151 1
11152 1
11153 3
11156 1
11158 1
11159 1
11160 4
11161 3
11162 2
11167 2
11171 2
11172 2
11173 3
11176 1
11181 1
11183 1
11184 3
11186 1
11187 1
11188 1
11190 2
11193 1
11196 1
11200 3
11201 1
11202 1
11204 1
11207 1
11209 1
11213 1
11221 2
11222 2
11227 1
11228 2
11229 1
11230 1
11231 2
11235 1
11237 1
11238 1
11241 1
11243 1
11246 1
11247 1
11248 2
11251 1
11258 1
11259 1
11268 1
11269 1
11270 1
11272 2
11273 1
11274 1
11275 1
11276 2
11278 1
11279 1
11282 2
11284 1
11285 1
11287 2
11290 2
11291 1
11292 1
11293 1
11294 1
11297 1
11298 1
11299 1
11304 1
11306 1
11307 1
11313 1
11319 1
11320 1
11323 1
11324 1
11329 1
11331 1
11333 2
11335 1
11338 2
11339 1
11342 1
11344 1
11346 2
11347 1
11349 2
11350 1
11351 1
11352 1
11353 2
11360 1
11362 1
11365 1
11369 1
11370 1
11371 2
11372 1
11373 2
11379 1
11380 1
11381 2
11386 1
11387 2
11388 1
11392 1
11398 1
11399 1
11405 1
11408 1
11409 1
11411 1
11415 1
11417 1
11418 3
11421 1
11423 1
11427 1
11428 1
11429 1
11431 1
11432 1
11433 2
11434 1
11437 1
11438 1
11441 2
11445 2
11446 1
11448 1
11450 1
11451 2
11453 1
11457 1
11460 1
11462 1
11464 1
11466 1
11467 1
11474 2
11476 1
11480 1
11481 1
11484 1
11485 2
11492 4
11494 1
11497 2
11498 1
11502 1
11503 1
11504 1
11506 1
11509 1
11510 1
11513 1
11514 1
11516 1
11517 1
11518 1
11521 1
11522 2
11523 1
11525 1
11529 1
11532 1
11535 1
11536 1
11540 1
11544 1
11549 1
11550 1
11551 1
11552 1
11556 1
11557 1
11560 1
11562 1
11563 1
11569 1
11574 1
11577 1
11579 1
11583 1
11586 1
11592 1
11596 1
11600 1
11603 1
11604 2
11609 1
11610 1
11614 1
11617 1
11618 2
11620 1
11621 1
11624 2
11627 1
11628 1
11629 2
11631 1
11637 1
11641 3
11645 1
11648 2
11649 1
11655 2
11659 2
11662 3
11663 1
11668 1
11669 1
11676 1
11679 1
11681 1
11683 1
11686 1
11687 1
11689 1
11692 1
11694 1
11695 1
11696 1
11697 1
11700 1
11702 1
11705 1
11706 1
11708 1
11714 1
11716 1
11723 1
11725 1
11726 1
11727 1
11733 2
11734 1
11736 1
11739 1
11742 1
11745 1
11750 1
11752 1
11753 1
11756 2
11760 1
11761 1
11764 1
11765 1
11766 1
11767 1
11772 2
11775 2
11777 1
11781 1
11787 3
11788 3
11789 1
11794 1
11796 1
11797 1
11801 1
11802 1
11804 1
11805 1
11811 1
11813 1
11815 2
11816 1
11817 1
11821 1
11822 1
11824 1
11826 1
11828 1
11833 2
11834 1
11837 1
11839 1
11841 1
11843 1
11849 2
11854 1
11855 1
11857 1
11858 1
11859 1
11866 2
11870 1
11871 1
11873 1
11874 1
11875 1
11876 1
11877 1
11878 1
11879 1
11881 1
11885 1
11886 1
11897 1
11901 1
11904 1
11906 1
11908 2
11909 1
11910 1
11912 1
11914 1
11917 1
11919 1
11921 1
11928 1
11932 1
11946 1
11948 2
11949 1
11950 1
11958 1
11959 1
11963 1
11968 1
11971 1
11972 1
11986 1
11987 1
11993 1
11998 2
12000 1
12006 1
12018 1
12024 1
12029 1
12040 1
12041 1
12042 2
12052 2
12053 1
12055 1
12057 1
12060 1
12061 2
12063 1
12065 1
12066 1
12071 1
12078 1
12081 1
12084 1
12086 1
12089 1
12090 1
12092 1
12097 2
12102 1
12104 1
12106 1
12107 1
12114 1
12115 1
12118 2
12120 1
12122 1
12124 1
12131 1
12132 1
12137 1
12138 1
12143 3
12144 1
12146 2
12151 2
12153 2
12156 1
12163 2
12167 1
12171 1
12182 2
12183 1
12194 1
12195 2
12201 1
12203 1
12204 1
12207 1
12208 1
12214 1
12220 1
12223 1
12228 1
12232 1
12237 1
12238 1
12247 1
12253 1
12259 1
12267 1
12272 1
12273 1
12277 1
12283 1
12289 1
12291 2
12302 1
12303 1
12304 1
12309 1
12312 1
12313 1
12314 2
12316 1
12319 1
12321 1
12327 1
12330 1
12331 1
12332 1
12334 1
12335 1
12342 1
12346 1
12356 1
12357 2
12369 1
12375 1
12377 1
12382 1
12383 1
12384 1
12386 1
12388 1
12389 1
12394 1
12397 1
12398 2
12400 1
12401 1
12402 1
12411 2
12412 1
12413 1
12415 1
12417 1
12424 1
12425 1
12426 1
12433 1
12434 1
12442 2
12444 1
12454 1
12456 1
12459 1
12460 1
12465 1
12466 1
12472 1
12476 1
12483 1
12488 1
12493 2
12494 1
12495 1
12497 1
12499 1
12500 1
12501 1
12504 2
12506 1
12516 1
12522 1
12527 1
12531 1
12533 1
12538 1
12540 1
12542 1
12543 1
12547 1
12548 1
12557 2
12559 1
12567 1
12568 1
12570 1
12576 1
12577 1
12580 2
12582 1
12584 1
12587 1
12595 1
12596 2
12599 1
12601 1
12602 1
12603 1
12606 1
12612 1
12618 1
12621 1
12633 1
12638 1
12643 1
12645 1
12646 1
12647 2
12650 1
12654 1
12659 1
12660 2
12667 1
12670 1
12672 1
12675 1
12677 1
12679 1
12680 2
12684 2
12697 2
12700 1
12702 1
12706 1
12708 3
12712 1
12713 1
12714 1
12715 1
12721 2
12723 1
12724 1
12728 1
12731 1
12732 1
12733 1
12734 2
12735 1
12737 1
12741 1
12742 1
12748 1
12749 1
12752 2
12754 1
12757 2
12759 2
12762 1
12764 1
12769 1
12771 1
12772 1
12774 2
12776 1
12783 2
12784 1
12786 1
12788 1
12790 1
12793 1
12795 1
12805 1
12816 1
12821 1
12826 2
12829 1
12832 1
12836 1
12844 1
12847 1
12866 1
12873 1
12877 1
12882 1
12885 1
12891 1
12895 1
12898 1
12900 1
12901 1
12902 1
12916 1
12922 1
12930 2
12931 1
12933 1
12937 2
12952 1
12956 1
12960 1
12963 1
12966 1
12968 1
12973 1
12975 1
12976 1
12977 2
12988 1
12989 1
12990 2
12991 1
12996 1
12999 1
13001 1
13003 1
13005 1
13006 1
13007 1
13010 1
13014 2
13023 1
13024 1
13025 1
13026 1
13028 1
13035 1
13045 1
13055 2
13063 2
13064 1
13078 1
13090 1
13109 1
13110 1
13112 1
13114 1
13115 1
13119 1
13143 1
13147 1
13148 1
13152 1
13154 1
13163 1
13164 1
13165 1
13174 1
13184 1
13188 1
13192 1
13202 1
13222 2
13240 1
13250 1
13255 1
13257 1
13261 1
13263 1
13285 1
13301 1
13310 1
13311 1
13313 1
13314 1
13318 1
13327 1
13329 2
13332 2
13333 1
13337 1
13339 2
13345 1
13349 1
13354 1
13358 1
13361 2
13363 1
13366 1
13373 1
13383 1
13395 1
13398 1
13403 1
13404 1
13412 1
13421 1
13432 1
13437 1
13440 1
13459 1
13467 1
13500 1
13516 1
13521 1
13534 1
13540 1
13542 1
13550 1
13555 1
13567 1
13571 1
13575 1
13576 1
13578 1
13600 1
13614 2
13616 1
13630 1
13637 1
13643 1
13671 1
13673 1
13676 1
13682 1
13683 1
13685 1
13703 1
13707 1
13719 1
13722 1
13723 1
13724 1
13729 1
13730 1
13758 1
13781 1
13782 1
13804 1
13817 2
13818 1
13828 1
13841 1
13862 1
13867 1
13883 1
13890 1
13895 1
13924 1
13946 1
13954 1
13995 1
14006 1
14010 1
14019 2
14020 1
14021 1
14022 1
14028 1
14032 1
14063 1
14073 1
14079 1
14088 1
14094 1
14105 1
14110 1
14112 1
14128 1
14131 1
14132 1
14140 1
14143 1
14154 1
14155 1
14164 2
14166 1
14167 1
14173 1
14183 1
14194 1
14230 1
14234 1
14273 1
14280 1
14300 1
14302 1
14308 1
14323 1
14328 1
14341 1
14345 2
14357 1
14360 1
14362 1
14373 1
14381 1
14424 1
14430 1
14436 1
14461 1
14466 2
14470 1
14486 1
14492 1
14508 1
14546 1
14558 1
14567 1
14575 1
14579 1
14581 1
14586 1
14589 2
14590 1
14591 1
14602 1
14605 1
14620 1
14643 1
14648 1
14659 1
14662 1
14677 1
14686 1
14688 1
14704 1
14735 1
14738 1
14742 1
14746 1
14768 1
14786 1
14787 1
14792 1
14795 1
14802 1
14806 1
14813 1
14815 1
14819 1
14828 1
14886 1
14894 2
14949 1
14957 1
14958 1
14972 1
14985 1
14986 1
15020 1
15045 1
15060 1
15095 1
15128 1
15136 1
15146 1
15158 1
15163 1
15165 1
15211 1
15221 1
15235 1
15246 1
15252 1
15278 1
15306 1
15307 1
15312 1
15317 1
15370 1
15416 1
15425 1
15427 1
15428 1
15434 1
15438 1
15439 1
15466 1
15497 2
15508 1
15525 1
15565 1
15583 1
15590 2
15593 1
15596 1
15597 1
15599 1
15600 1
15602 2
15607 1
15616 1
15622 1
15627 1
15628 1
15635 1
15636 1
15645 1
15659 1
15701 1
15726 1
15764 1
15789 1
15792 1
15802 1
15813 1
15838 1
15849 1
15874 1
15903 1
15904 1
15909 1
15910 1
15918 1
15958 1
15964 1
15972 1
15973 1
15984 1
16011 1
16023 1
16029 1
16054 1
16113 1
16152 1
16171 1
16175 1
16179 1
16203 1
16208 1
16215 1
16251 1
16268 1
16283 1
16296 1
16299 1
16308 1
16311 1
16327 1
16335 1
16354 1
16374 1
16386 1
16417 1
16448 1
16456 1
16466 1
16503 1
16506 1
16532 1
16534 2
16543 1
16584 1
16588 1
16592 1
16614 1
16708 1
16709 1
16715 1
16718 1
16722 1
16748 1
16758 1
16770 1
16774 1
16788 1
16808 1
16817 1
16821 1
16825 1
16886 1
16921 1
16940 1
16953 1
16959 1
17004 1
17019 1
17024 1
17031 1
17044 1
17049 1
17051 1
17103 1
17110 1
17112 1
17123 1
17135 1
17150 1
17178 1
17182 1
17219 2
17226 2
17260 1
17263 1
17278 1
17289 2
17296 1
17312 1
17313 1
17342 1
17358 1
17368 1
17373 1
17374 1
17378 1
17396 1
17398 1
17410 1
17441 1
17473 1
17476 1
17503 1
17505 1
17510 1
17518 1
17528 1
17537 1
17544 1
17566 1
17569 1
17588 1
17595 1
17596 1
17598 1
17623 1
17674 1
17676 1
17692 1
17711 1
17723 1
17753 1
17779 1
17790 1
17822 1
17837 1
17859 1
17872 1
17884 1
17889 1
17939 1
17964 1
17985 1
18007 1
18017 1
18034 1
18071 1
18149 1
18150 1
18161 1
18192 1
18224 1
18291 1
18303 1
18352 1
18358 1
18365 1
18371 1
18396 1
18409 1
18417 1
18428 1
18447 1
18466 1
18484 1
18492 1
18517 1
18536 1
18537 1
18547 1
18556 1
18575 1
18585 1
18614 1
18643 1
18667 1
18681 1
18696 1
18706 1
18717 1
18726 1
18743 1
18768 1
18782 1
18787 1
18795 1
18902 1
18991 1
18998 1
19019 1
19030 1
19044 1
19059 1
19067 1
19070 1
19100 2
19130 1
19149 1
19218 1
19242 1
19272 1
19417 1
19478 1
19487 1
19494 1
19514 1
19516 1
19519 1
19594 1
19608 1
19621 1
19644 1
19723 1
19728 1
19741 1
19793 1
19794 1
19828 1
19844 1
19851 1
19853 1
19869 1
19912 1
19914 1
19942 1
19945 1
19979 1
19990 2
19996 1
20001 1
20005 1
20006 1
20007 2
20008 1
20010 1
20012 1
20015 1
20020 1
20022 1
20030 1
20032 1
20039 1
20041 2
20045 2
20059 1
20074 1
20075 1
20077 1
20081 1
20090 1
20095 1
20098 2
20104 1
20106 1
20118 1
20127 1
20128 1
20129 1
20133 1
20157 1
20159 1
20168 1
20177 1
20182 1
20199 1
20253 1
20269 1
20305 1
20319 1
20332 1
20343 1
20388 1
20402 1
20405 2
20459 1
20501 1
20503 1
20508 1
20522 1
20564 1
20580 1
20583 1
20604 1
20611 1
20655 1
20674 1
20684 1
20711 1
20713 1
20742 1
20755 1
20816 1
20818 1
20829 1
20839 1
20856 1
20901 1
20915 1
21133 1
21138 1
21142 1
21174 1
21196 1
21217 1
21230 1
21245 1
21317 1
21325 1
21330 1
21350 1
21400 1
21424 1
21440 1
21499 1
21525 1
21537 1
21612 1
21683 1
21698 1
21701 1
21720 1
21721 1
21740 1
21767 1
21774 1
21788 2
21792 1
21839 1
21845 1
21859 2
21884 1
21912 1
21982 1
22012 1
22034 1
22035 1
22097 1
22112 1
22121 2
22156 1
22171 1
22244 1
22282 2
22331 1
22333 1
22349 1
22350 1
22368 1
22457 1
22496 1
22536 1
22552 1
22570 1
22597 1
22628 1
22646 1
22700 1
22704 1
22705 1
22712 1
22764 1
22822 1
22873 1
22903 1
22926 1
22951 1
22980 1
23006 1
23013 1
23017 1
23036 2
23110 1
23116 1
23165 1
23196 1
23201 1
23276 1
23303 1
23391 1
23435 1
23436 1
23444 1
23452 1
23479 1
23490 1
23515 1
23568 1
23578 1
23606 1
23745 1
23751 1
23773 1
23776 1
23808 1
23856 1
23867 1
23980 1
23994 1
24004 1
24061 1
24080 1
24086 1
24095 1
24106 1
24150 1
24193 1
24212 1
24243 1
24313 1
24321 1
24335 1
24394 1
24437 1
24467 1
24513 1
24516 1
24542 1
24548 1
24572 1
24577 1
24678 1
24703 1
24709 1
24736 2
24765 1
24782 1
24825 1
24850 1
24892 1
24901 1
24912 1
24942 1
25002 1
25010 1
25012 2
25015 1
25051 1
25109 1
25140 1
25253 1
25321 1
25344 1
25360 1
25420 1
25434 1
25446 1
25495 1
25527 1
25589 1
25607 1
25624 1
25639 1
25754 1
25817 1
25874 1
25907 1
25916 1
26038 1
26095 1
26113 1
26146 1
26189 1
26222 1
26230 1
26233 1
26289 1
26306 1
26315 1
26441 1
26504 1
26513 1
26514 1
26548 2
26579 1
26592 1
26757 1
26837 1
26880 1
26904 1
27120 1
27125 1
27129 1
27139 1
27194 1
27238 1
27242 1
27301 1
27322 1
27333 1
27345 1
27383 1
27430 1
27462 1
27491 1
27505 1
27524 1
27586 1
27659 1
27682 1
27698 1
27705 1
27724 1
27735 1
27807 1
27810 1
27870 1
27881 1
27909 1
27918 1
27923 1
28028 1
28031 1
28088 1
28186 1
28210 1
28227 1
28264 1
28273 1
28324 1
28379 1
28490 1
28491 1
28496 1
28570 1
28714 1
28751 1
28905 1
28954 1
29022 1
29024 1
29028 2
29079 1
29101 1
29129 1
29153 1
29187 1
29262 1
29265 1
29297 1
29300 1
29320 1
29350 1
29587 1
29670 1
29671 1
29691 1
29737 1
29768 1
29826 1
29892 1
29955 1
30000 1
30004 1
30020 1
30023 1
30031 1
30102 1
30146 1
30173 1
30187 1
30211 1
30238 1
30296 1
30304 1
30384 1
30404 1
30407 1
30465 1
30563 1
30595 1
30626 1
30645 1
30657 1
30694 1
30803 1
30935 1
30965 1
31088 1
31169 1
31183 1
31215 1
31282 1
31328 1
31378 1
31380 1
31410 1
31416 1
31424 1
31437 1
31445 1
31452 1
31571 1
31619 1
31848 1
32104 1
32349 1
32491 1
32510 1
32550 1
32557 1
32675 1
32684 1
32709 1
32774 1
32804 1
32890 1
32901 1
32981 1
32987 1
33065 1
33156 1
33258 1
33369 1
33391 1
33427 1
33482 1
33552 1
33565 1
33612 1
33667 1
33723 1
33803 1
33807 1
33821 1
33824 1
33939 1
33972 1
33984 2
34010 1
34049 1
34094 1
34104 1
34130 1
34384 1
34404 1
34418 1
34473 1
34518 1
34533 1
34743 1
34749 1
34832 1
35053 1
35068 1
35124 1
35144 1
35183 1
35300 1
35423 1
35429 1
35488 1
35589 1
35627 1
35755 1
35767 1
35900 1
35957 1
35982 1
36082 1
36113 1
36145 1
36206 1
36249 1
36377 1
36751 1
36770 1
36866 1
36888 1
36892 1
36907 1
36915 1
36934 1
36991 1
36996 1
37049 1
37153 1
37257 1
37258 1
37539 1
37582 1
37621 1
37678 1
37690 1
37711 1
37765 1
37824 1
37848 1
37884 1
37914 1
37942 1
38049 1
38103 1
38327 1
38369 1
38405 1
38501 1
38573 1
38595 1
38677 1
38707 1
38885 1
39032 1
39046 1
39084 1
39174 1
39211 1
39616 1
39673 1
39703 1
39727 1
39803 1
39836 1
39939 1
39953 1
40013 1
40030 1
40301 1
40407 1
40489 1
40512 2
40516 1
40578 1
40609 1
40695 1
40939 1
40954 2
41019 1
41024 1
41026 1
41180 1
41316 1
41603 1
41737 1
41818 1
41902 1
41913 1
41992 1
42179 1
42455 1
42619 1
42624 1
43107 1
43123 1
43157 1
43158 1
43186 1
43366 1
43376 1
43550 1
43565 1
43587 1
43702 1
43780 1
43820 1
44062 1
44127 1
44320 1
44419 1
44724 1
44744 1
44745 1
44756 1
44806 1
44885 1
45256 1
45374 1
45388 1
45629 1
45669 1
45702 1
45957 1
46107 1
46330 1
46351 1
46714 1
46744 1
46907 1
47011 1
47054 1
47093 1
47125 2
47180 1
47238 1
47349 1
47498 1
47662 1
47891 1
48159 1
48171 1
48368 1
48488 1
48738 1
48751 1
48779 1
49036 1
49287 1
49494 1
49501 1
49518 1
49523 1
50006 1
50135 1
50189 1
50284 1
50325 1
50579 1
50657 1
50914 1
51135 1
51222 1
51228 1
51327 1
51391 1
51408 1
51865 1
51959 1
52353 1
52368 1
52629 1
52653 1
52935 1
53035 1
53100 1
53187 1
53242 1
53293 1
53366 1
53477 1
53488 1
53510 1
53625 1
53999 1
54017 1
54333 1
54843 1
55595 1
55680 1
56245 1
56401 1
56532 1
57047 1
57065 1
57907 1
58030 1
58173 1
58246 1
58334 1
58404 1
58570 1
58810 1
59033 1
59209 1
59273 1
59418 1
59548 1
59565 1
59710 1
59750 1
59781 1
59995 1
60219 1
60242 1
60440 1
60625 1
60663 1
60692 1
60716 1
60776 1
60777 1
60911 1
61130 1
61329 1
61370 1
61663 1
61710 1
61774 1
61886 1
62220 1
62518 1
62676 1
62798 1
62884 1
63153 1
63547 1
63654 1
63747 1
63781 1
63979 1
64135 1
64267 1
64855 1
65483 1
65631 1
65675 1
65682 1
66039 1
66161 1
66421 1
66928 1
67034 1
67062 1
67143 1
67200 1
67528 1
67540 1
68098 1
68119 1
68146 1
68248 1
68405 1
68433 1
68570 1
69068 1
69086 1
69293 1
69399 1
69759 1
69966 1
70076 1
70283 1
70435 1
70737 1
71191 1
71571 1
72231 1
72506 1
72806 1
73131 1
73199 1
73366 1
73615 1
75081 1
75225 1
75489 1
75670 1
75842 1
76199 1
76474 1
76683 1
76879 1
77284 1
77543 1
77806 1
78290 1
79126 1
79358 1
79504 1
80198 1
81513 1
81717 1
81888 1
81894 1
82337 1
82812 1
83159 1
83628 1
83842 1
84141 1
84475 1
84566 1
84780 1
85102 1
85198 1
85264 1
85551 1
85734 1
86011 1
86270 1
86338 1
86476 1
86829 1
86894 1
86902 1
87008 1
87105 1
87146 1
87162 1
87163 1
87273 1
87387 1
88244 1
88435 1
89047 1
89161 1
89174 1
90015 1
90068 1
90271 1
90806 1
91245 1
91329 1
91904 1
92191 1
92487 1
92755 1
93062 1
93290 1
93579 1
93624 1
94200 1
94701 1
94710 1
94938 1
95605 1
95690 1
96133 1
96595 1
96907 1
97230 1
97523 1
97582 1
97590 1
97688 1
98352 1
99026 1
99738 1
99783 1
100013 1
100078 1
100407 1
100445 1
100810 1
101631 1
103062 1
103728 1
103879 1
104421 1
106414 1
108791 1
108880 1
109230 1
109822 1
109846 1
110214 1
111660 1
113561 1
113695 1
114442 1
115287 1
116947 1
117707 1
117736 1
117925 1
117989 1
118933 1
119968 1
121742 1
122398 1
122484 1
123085 1
123470 1
123592 1
123732 1
123965 1
124120 1
124368 1
125056 1
126575 1
128339 1
128671 1
129146 1
130659 1
132661 1
134532 1
135297 1
135540 1
136212 1
136221 1
136299 1
136668 1
137673 1
137751 1
138559 1
139773 1
142827 1
144392 1
145488 1
145574 1
146991 1
147421 1
147701 1
149487 1
150518 1
151486 1
151817 1
156258 1
156832 1
157318 1
157793 1
157886 1
158855 1
158903 1
159096 1
160258 1
160396 1
160731 1
161906 1
162771 1
167058 1
167976 1
168262 1
171101 1
171398 1
172351 1
173045 1
174062 1
174863 1
178842 1
183547 1
185310 1
185608 1
186643 1
188080 1
188614 1
189567 1
190760 1
191418 1
192054 1
193624 1
195386 1
197612 1
198325 1
200774 1
202912 1
203346 1
203369 1
204884 1
206187 1
210431 1
213818 1
213987 1
217775 1
219491 1
220245 1
220634 1
223957 1
231027 1
235071 1
241875 1
242442 1
244141 1
244944 1
245100 1
248487 1
252511 1
254051 1
255029 1
261624 1
262140 1
271122 1
273480 1
276715 1
277787 1
277984 1
278910 1
284710 1
285519 1
286428 1
288394 1
292871 1
293764 1
299910 1
299978 1
300016 1
300058 1
307728 1
311096 1
317136 1
326114 1
330251 1
332952 1
336344 1
338902 1
341045 1
346544 1
394291 1
394419 1
413185 1
423401 1
470896 1
475983 1
496364 1
523927 1
544635 1
572792 1
583389 1
595698 1
659644 1
708269 1
748213 1
799167 1
919557 1
932860 1
994110 1
1038054 1
1060807 1
1089128 1
1129285 1
1138686 1
1206993 1
1248048 1
1361556 1
1366101 1
1427016 1
1494006 1
1515340 1
1540678 1
1552048 1
1561189 1
1653765 1
1711467 1
1801215 1
1913580 1
1923625 1
2034638 1
2265051 1
2552992 1
3505538 1
3899805 1
4116603 1
4460843 1
16353804382 1
