0 160008962
1 65277720
2 2912108
3 608102
4 274576
5 161144
6 105935
7 74862
8 55744
9 42731
10 34201
11 27926
12 22772
13 18985
14 16186
15 14142
16 11995
17 10448
18 9363
19 8143
20 7294
21 6506
22 5991
23 5344
24 4818
25 4410
26 3975
27 3675
28 3308
29 3137
30 2893
31 2682
32 2443
33 2204
34 2204
35 2016
36 1915
37 1810
38 1611
39 1582
40 1475
41 1380
42 1340
43 1190
44 1186
45 1042
46 1098
47 1023
48 949
49 849
50 813
51 827
52 824
53 698
54 716
55 642
56 630
57 612
58 616
59 616
60 581
61 548
62 537
63 469
64 451
65 415
66 421
67 463
68 418
69 379
70 377
71 371
72 362
73 361
74 355
75 323
76 314
77 282
78 308
79 305
80 264
81 259
82 265
83 267
84 218
85 222
86 228
87 208
88 217
89 202
90 187
91 203
92 198
93 199
94 171
95 159
96 188
97 185
98 145
99 172
100 149
101 145
102 129
103 154
104 138
105 113
106 135
107 144
108 133
109 129
110 117
111 111
112 95
113 92
114 122
115 104
116 102
117 98
118 113
119 103
120 90
121 92
122 79
123 86
124 84
125 93
126 80
127 57
128 80
129 85
130 90
131 76
132 63
133 61
134 81
135 65
136 74
137 64
138 72
139 62
140 64
141 63
142 60
143 72
144 61
145 61
146 63
147 63
148 66
149 48
150 51
151 55
152 46
153 58
154 58
155 50
156 51
157 49
158 68
159 51
160 46
161 46
162 44
163 46
164 34
165 37
166 38
167 41
168 34
169 33
170 32
171 45
172 43
173 35
174 33
175 25
176 29
177 49
178 29
179 39
180 44
181 32
182 34
183 22
184 33
185 25
186 26
187 31
188 32
189 32
190 36
191 20
192 36
193 26
194 35
195 36
196 30
197 30
198 23
199 26
200 25
201 23
202 27
203 21
204 26
205 31
206 18
207 25
208 18
209 21
210 25
211 20
212 20
213 14
214 16
215 30
216 22
217 16
218 23
219 19
220 20
221 25
222 23
223 18
224 16
225 19
226 10
227 16
228 17
229 16
230 19
231 23
232 14
233 16
234 13
235 9
236 16
237 12
238 15
239 14
240 20
241 13
242 10
243 18
244 14
245 12
246 19
247 17
248 18
249 12
250 15
251 16
252 16
253 15
254 14
255 22
256 17
257 10
258 12
259 8
260 10
261 16
262 6
263 8
264 12
265 10
266 7
267 12
268 16
269 14
270 7
271 9
272 8
273 12
274 9
275 14
276 10
277 13
278 14
279 10
280 14
281 11
282 7
283 12
284 14
285 13
286 3
287 11
288 7
289 8
290 7
291 8
292 10
293 9
294 9
295 9
296 8
297 4
298 10
299 12
300 7
301 12
302 3
303 8
304 9
305 10
306 8
307 4
308 6
309 11
310 11
311 7
312 5
313 6
314 4
315 7
316 8
317 7
318 3
319 4
320 7
321 4
322 5
323 5
324 7
325 8
326 6
327 7
328 9
329 6
330 5
331 3
332 8
333 5
334 3
335 6
336 7
337 6
338 6
339 6
340 4
341 6
342 5
343 2
344 8
345 4
346 10
347 6
348 7
349 5
350 6
351 5
352 6
353 8
354 11
355 5
356 5
357 5
358 5
359 2
360 6
361 5
362 4
363 3
364 3
365 4
366 5
367 5
368 2
369 3
370 4
371 3
372 7
373 7
374 6
375 5
376 2
377 2
378 3
379 3
380 2
381 4
382 10
383 3
384 3
385 4
386 8
387 4
388 2
389 3
390 3
391 3
392 8
393 3
394 7
395 3
396 4
397 3
398 2
399 1
400 2
401 3
402 7
404 3
405 5
406 1
407 3
408 2
409 5
410 3
411 4
412 2
413 5
414 3
415 2
416 7
417 4
418 1
419 3
420 4
421 5
422 2
423 4
424 2
425 4
426 3
427 2
428 1
429 1
430 3
431 6
432 2
433 2
434 1
435 5
436 2
437 4
438 5
439 3
440 6
442 3
443 1
444 5
445 4
446 3
447 1
448 1
449 4
450 4
451 1
453 2
454 2
455 1
456 4
457 6
458 2
459 3
460 3
461 4
462 3
464 3
465 1
466 3
467 2
468 4
469 4
470 3
471 3
472 1
473 2
474 1
475 4
476 1
477 2
478 2
479 1
480 1
481 2
482 1
483 2
484 3
486 2
487 4
488 2
489 1
491 1
493 2
494 3
495 2
496 2
497 3
498 1
499 3
500 4
501 1
502 3
503 2
505 1
506 1
508 2
509 2
510 4
511 1
512 1
513 4
514 1
515 2
516 2
517 3
518 4
520 1
521 5
522 1
523 2
524 1
525 3
526 2
527 2
528 4
530 1
531 2
532 1
533 1
534 2
535 1
536 2
537 3
538 1
539 1
540 2
541 1
542 3
543 3
544 3
545 3
546 2
547 1
548 2
549 2
550 3
551 1
552 1
553 2
554 2
555 3
556 1
557 1
558 2
560 1
562 2
563 1
564 1
565 2
566 3
567 1
568 2
569 2
570 2
571 2
573 1
574 2
575 1
577 1
578 1
580 1
582 3
583 3
584 1
587 5
588 1
589 2
590 3
591 3
592 1
593 2
594 1
595 3
596 3
597 1
598 3
599 3
601 1
603 1
606 2
607 1
608 1
609 1
610 2
611 2
612 2
613 1
614 2
616 3
619 1
620 1
621 3
623 4
624 1
625 3
627 1
629 1
630 3
631 2
633 2
634 1
635 1
636 1
638 1
640 1
644 2
645 1
646 1
647 1
648 1
650 2
652 1
654 1
655 3
656 1
657 2
660 1
664 2
665 2
666 2
667 1
668 1
669 1
670 2
674 2
675 2
676 1
679 1
680 1
682 2
683 1
684 2
685 1
686 1
688 1
689 1
690 1
692 1
697 1
698 1
701 2
703 1
704 1
706 1
707 1
708 1
709 1
713 2
714 1
716 3
719 1
720 1
721 2
724 1
725 1
726 1
731 1
732 2
733 1
740 1
741 3
742 1
743 1
745 3
746 1
749 1
755 1
759 2
762 2
768 1
770 1
776 1
784 1
786 2
788 1
789 1
793 2
794 1
795 1
798 2
799 1
804 1
806 1
809 1
810 3
818 1
820 1
826 1
827 1
831 1
833 1
835 1
838 1
839 1
841 2
842 2
845 2
846 1
848 1
854 1
856 1
857 1
858 1
861 1
863 1
864 2
865 1
866 1
869 2
874 1
876 2
879 1
888 1
891 1
895 2
896 1
898 1
900 1
910 1
912 1
916 2
918 1
926 1
929 1
934 1
935 1
942 2
944 2
948 1
951 1
954 2
957 1
959 1
961 1
962 1
964 1
966 1
969 1
972 1
974 1
978 1
982 1
984 1
986 1
995 1
998 1
999 1
1000 1
1003 1
1004 2
1007 1
1009 1
1011 1
1015 1
1016 1
1026 1
1029 2
1032 1
1039 1
1040 1
1043 2
1044 1
1048 1
1049 1
1053 1
1055 1
1060 1
1072 1
1073 1
1082 1
1115 1
1119 2
1124 1
1131 1
1137 1
1141 1
1144 1
1145 1
1163 1
1164 2
1165 1
1169 1
1179 2
1180 1
1183 1
1184 1
1186 1
1199 1
1209 1
1210 1
1214 1
1218 1
1222 1
1228 1
1233 1
1253 1
1254 2
1269 1
1274 1
1277 1
1278 1
1282 1
1290 1
1291 1
1301 1
1318 1
1346 1
1351 1
1360 1
1361 1
1368 1
1397 1
1400 1
1407 1
1416 1
1431 1
1434 1
1435 1
1457 1
1506 1
1515 1
1577 1
1589 1
1595 1
1607 1
1609 1
1625 1
1630 1
1643 1
1644 1
1652 1
1654 1
1665 1
1700 2
1711 1
1735 1
1739 1
1775 1
1783 1
1840 1
1846 1
1857 1
1880 1
1912 1
1928 1
1932 1
1954 1
1960 1
1988 1
2044 1
2066 1
2071 1
2108 1
2131 1
2191 1
2209 1
2322 1
2327 1
2340 1
2355 1
2362 1
2527 1
2528 1
2556 1
2573 1
3190 1
3237 1
3448 1
3776 1
3974 1
4054 1
4217 1
4559 1
5068 1
5330 1
5946 1
9560 1
12395 1
14500 1
17750 1
18642 1
24502 1
53132 1
133078 1
6273299 1
