0 127984756
1 1510342574
2 88111548
3 14139940
4 4155357
5 1732400
6 873793
7 501905
8 313127
9 208159
10 144939
11 105637
12 79083
13 61214
14 48505
15 40090
16 34016
17 27857
18 23069
19 20128
20 16919
21 14804
22 13679
23 11310
24 10063
25 8904
26 8050
27 7181
28 6449
29 5901
30 5244
31 4919
32 4353
33 4198
34 3825
35 3532
36 3401
37 3163
38 2886
39 2774
40 2432
41 2350
42 2373
43 1989
44 1827
45 1704
46 1668
47 1501
48 1513
49 1369
50 1302
51 1179
52 1186
53 1120
54 1074
55 985
56 1148
57 931
58 1015
59 923
60 879
61 816
62 763
63 727
64 699
65 805
66 657
67 640
68 702
69 652
70 584
71 605
72 527
73 494
74 547
75 508
76 509
77 462
78 451
79 432
80 438
81 394
82 452
83 411
84 390
85 398
86 348
87 350
88 304
89 427
90 382
91 381
92 311
93 338
94 295
95 306
96 271
97 265
98 249
99 257
100 272
101 235
102 232
103 212
104 219
105 248
106 215
107 218
108 203
109 256
110 214
111 152
112 185
113 215
114 222
115 157
116 199
117 243
118 202
119 169
120 140
121 146
122 149
123 163
124 162
125 146
126 159
127 117
128 145
129 135
130 123
131 143
132 132
133 114
134 104
135 112
136 85
137 108
138 121
139 107
140 106
141 115
142 98
143 111
144 105
145 95
146 84
147 91
148 91
149 92
150 82
151 79
152 88
153 91
154 93
155 91
156 79
157 94
158 86
159 97
160 86
161 147
162 86
163 92
164 74
165 62
166 96
167 86
168 75
169 70
170 80
171 63
172 76
173 67
174 64
175 75
176 59
177 78
178 64
179 65
180 66
181 77
182 70
183 54
184 51
185 63
186 60
187 53
188 67
189 46
190 55
191 51
192 66
193 67
194 43
195 56
196 62
197 58
198 43
199 56
200 50
201 67
202 47
203 54
204 38
205 106
206 55
207 41
208 62
209 66
210 43
211 70
212 60
213 38
214 44
215 42
216 34
217 39
218 32
219 42
220 35
221 50
222 41
223 52
224 47
225 29
226 31
227 27
228 37
229 40
230 37
231 29
232 28
233 66
234 47
235 30
236 33
237 41
238 36
239 41
240 41
241 39
242 36
243 47
244 57
245 22
246 40
247 38
248 38
249 33
250 30
251 37
252 43
253 27
254 53
255 39
256 28
257 51
258 38
259 41
260 36
261 37
262 30
263 35
264 28
265 44
266 28
267 33
268 25
269 38
270 38
271 42
272 28
273 26
274 27
275 26
276 33
277 27
278 22
279 25
280 16
281 19
282 25
283 23
284 22
285 17
286 24
287 15
288 17
289 22
290 16
291 22
292 17
293 26
294 16
295 23
296 22
297 18
298 18
299 30
300 29
301 14
302 37
303 31
304 33
305 28
306 26
307 26
308 21
309 21
310 23
311 17
312 26
313 17
314 15
315 24
316 20
317 26
318 14
319 19
320 19
321 14
322 20
323 27
324 28
325 21
326 14
327 13
328 18
329 13
330 23
331 21
332 18
333 19
334 16
335 20
336 15
337 21
338 10
339 19
340 11
341 16
342 16
343 20
344 13
345 14
346 12
347 14
348 15
349 21
350 21
351 18
352 17
353 17
354 16
355 13
356 12
357 15
358 12
359 18
360 8
361 15
362 11
363 18
364 11
365 15
366 11
367 7
368 10
369 11
370 12
371 12
372 11
373 12
374 6
375 11
376 10
377 14
378 10
379 10
380 16
381 11
382 12
383 15
384 13
385 15
386 13
387 14
388 14
389 10
390 17
391 14
392 19
393 8
394 11
395 16
396 11
397 13
398 10
399 8
400 12
401 11
402 7
403 18
404 24
405 15
406 11
407 11
408 11
409 15
410 14
411 14
412 9
413 10
414 11
415 10
416 9
417 8
418 10
419 13
420 9
421 7
422 8
423 10
424 11
425 7
426 14
427 9
428 9
429 15
430 18
431 7
432 17
433 12
434 14
435 11
436 5
437 6
438 7
439 10
440 11
441 12
442 14
443 9
444 9
445 14
446 8
447 11
448 13
449 11
450 12
451 17
452 9
453 13
454 13
455 10
456 11
457 10
458 13
459 12
460 6
461 11
462 10
463 8
464 9
465 8
466 7
467 10
468 9
469 9
470 11
471 7
472 9
473 6
474 7
475 11
476 9
477 11
478 12
479 19
480 8
481 5
482 8
483 6
484 5
485 9
486 8
487 12
488 7
489 9
490 11
491 9
492 11
493 13
494 8
495 5
496 8
497 6
498 8
499 5
500 5
501 6
502 5
503 8
504 9
505 11
506 3
507 6
508 8
509 7
510 2
511 10
512 6
513 10
514 7
515 8
516 7
517 7
518 6
519 8
520 3
521 9
522 5
523 9
524 6
525 15
526 4
527 9
528 8
529 6
530 24
531 8
532 7
533 5
534 4
535 6
536 7
537 6
538 7
539 7
540 6
541 4
542 6
543 15
544 12
545 11
546 9
547 11
548 10
549 3
550 9
551 2
552 11
553 6
554 6
555 3
556 3
557 14
558 3
559 5
560 8
561 10
562 5
563 6
564 9
565 18
566 3
567 8
568 10
569 7
570 4
571 12
572 5
573 7
574 1
575 2
576 3
577 2
578 4
579 6
580 4
581 6
582 4
583 5
584 5
585 8
586 5
587 6
588 3
589 7
590 3
591 4
592 10
593 10
594 5
595 7
596 10
597 7
598 17
599 4
600 7
601 10
602 6
603 8
604 1
605 9
606 7
607 4
608 4
609 3
610 6
611 4
612 3
613 4
614 8
615 7
616 7
617 3
618 8
619 4
620 1
621 3
622 3
623 6
624 2
625 3
626 5
627 5
628 6
629 6
630 7
631 7
632 12
633 6
634 6
635 6
636 7
637 3
638 2
639 9
640 2
641 6
642 4
643 3
644 7
645 2
646 4
647 4
648 1
649 10
650 4
651 2
652 10
653 3
654 3
655 4
656 1
657 7
658 2
659 1
660 4
661 7
662 5
663 3
664 7
665 7
666 4
668 2
669 3
670 3
671 5
672 8
673 4
674 4
675 3
676 5
677 3
678 6
679 3
680 4
681 4
682 3
683 2
684 7
685 3
686 5
687 3
688 2
689 3
690 3
691 2
692 1
693 2
694 2
696 3
697 3
698 3
699 3
700 2
701 1
702 3
703 7
704 3
705 2
706 3
707 5
708 3
709 4
710 3
711 2
712 8
713 7
714 2
715 3
717 1
718 2
719 4
720 2
721 1
722 1
723 7
724 2
725 2
726 4
727 3
728 3
729 2
730 3
731 1
732 1
733 3
734 4
735 1
736 12
737 2
738 9
739 3
740 4
741 2
742 5
743 2
745 4
746 10
747 1
748 3
749 2
750 2
751 3
752 2
753 3
754 1
756 3
757 3
758 1
759 5
762 1
763 4
764 1
766 2
767 2
768 4
769 2
770 1
771 3
772 1
773 3
774 2
775 5
776 3
777 1
778 1
779 4
780 1
781 1
782 1
783 2
784 4
785 7
786 2
787 1
788 5
790 1
791 2
792 3
793 4
794 3
796 1
797 2
798 3
799 2
800 2
801 4
802 1
803 3
804 1
805 1
806 4
807 3
808 4
809 1
810 3
811 2
812 4
813 3
814 5
816 3
819 4
820 2
821 1
822 4
823 1
824 1
825 5
826 3
827 1
828 3
831 3
832 1
833 1
834 3
835 3
836 1
837 1
839 4
840 2
841 3
844 1
845 4
846 2
848 1
849 2
850 2
852 1
853 2
854 2
855 2
856 1
857 2
859 1
860 1
861 3
862 2
864 1
865 1
866 2
867 1
868 4
869 1
870 4
872 3
873 1
874 2
876 3
877 3
878 1
879 2
880 2
882 2
884 1
885 1
886 2
887 1
888 2
889 2
890 2
891 3
892 1
893 6
894 1
895 1
896 5
897 3
898 2
899 1
900 4
901 5
902 3
905 4
906 2
907 2
909 3
910 1
911 3
912 1
913 4
914 5
916 2
917 1
918 2
919 4
920 2
921 1
922 1
923 2
924 1
926 2
927 4
929 3
930 5
931 1
932 2
933 2
935 1
936 1
937 1
938 2
939 5
940 4
941 3
942 2
943 2
944 2
945 1
946 2
948 3
950 1
951 3
952 3
953 4
954 2
955 5
956 1
957 1
958 3
959 2
960 5
961 2
962 8
963 2
964 4
966 2
968 5
969 3
970 3
971 1
973 1
974 2
976 3
978 2
979 4
981 2
982 3
984 1
986 1
987 5
988 3
989 4
991 2
993 4
994 4
995 3
996 2
999 2
1000 4
1001 1
1002 3
1003 2
1004 1
1005 1
1006 4
1007 3
1008 2
1009 1
1010 1
1011 4
1012 3
1013 3
1014 2
1015 1
1016 3
1017 2
1018 2
1019 2
1020 1
1021 1
1022 1
1023 1
1024 3
1025 1
1026 1
1027 2
1028 1
1030 1
1033 2
1034 1
1035 3
1036 2
1037 3
1038 1
1039 2
1040 4
1041 7
1042 8
1043 4
1044 6
1045 7
1046 6
1047 3
1049 2
1050 3
1051 1
1054 2
1055 1
1056 1
1057 1
1059 2
1061 1
1062 1
1063 1
1064 1
1065 1
1066 1
1068 1
1069 3
1070 1
1071 3
1072 1
1073 1
1075 2
1077 2
1079 2
1082 1
1087 1
1089 2
1091 1
1092 1
1093 2
1094 2
1095 10
1096 3
1097 4
1098 1
1100 1
1102 7
1103 2
1104 1
1105 1
1106 1
1109 1
1111 1
1113 1
1116 1
1119 1
1121 3
1122 2
1123 1
1124 1
1125 1
1127 2
1128 2
1130 1
1131 1
1132 2
1134 2
1137 1
1142 1
1143 2
1149 1
1150 2
1151 1
1152 3
1154 1
1155 1
1158 3
1163 2
1166 2
1167 2
1169 1
1170 2
1171 1
1172 1
1173 1
1175 1
1179 1
1180 2
1181 1
1182 1
1183 1
1185 2
1188 1
1193 2
1194 1
1195 1
1198 3
1200 3
1203 1
1204 2
1206 1
1208 2
1209 2
1210 2
1211 2
1215 2
1216 2
1217 1
1219 1
1221 3
1223 2
1225 2
1229 1
1231 3
1233 1
1235 1
1236 1
1239 1
1240 2
1241 3
1242 1
1243 4
1244 2
1245 5
1246 4
1247 2
1248 2
1249 2
1250 1
1251 2
1252 2
1253 4
1254 3
1255 10
1257 2
1259 8
1260 1
1264 2
1265 1
1271 1
1276 2
1277 1
1282 1
1284 1
1288 1
1290 2
1291 1
1292 1
1296 1
1297 1
1298 1
1299 1
1301 2
1302 1
1304 1
1307 2
1308 2
1309 1
1310 1
1311 1
1313 1
1314 2
1318 1
1320 1
1326 1
1329 1
1332 2
1335 2
1336 2
1337 1
1338 2
1341 1
1342 2
1344 1
1345 1
1346 1
1347 1
1348 3
1349 1
1351 1
1352 1
1353 2
1356 1
1357 2
1360 1
1363 3
1364 1
1366 3
1368 1
1370 1
1371 2
1372 4
1373 1
1374 3
1375 4
1377 2
1378 5
1379 2
1380 4
1381 4
1382 2
1383 1
1384 3
1385 6
1386 3
1387 1
1388 3
1395 3
1396 2
1398 2
1399 1
1401 1
1402 2
1405 1
1407 1
1411 1
1412 2
1413 1
1416 1
1417 2
1418 2
1419 1
1420 1
1421 2
1422 6
1423 6
1424 4
1425 4
1426 4
1427 5
1428 3
1429 5
1430 5
1431 6
1432 4
1433 3
1434 2
1435 1
1436 1
1437 2
1438 4
1440 1
1441 1
1442 1
1443 1
1444 2
1445 3
1448 2
1449 1
1454 3
1457 1
1459 2
1461 2
1462 1
1463 1
1464 1
1465 1
1466 1
1468 4
1469 9
1470 4
1471 5
1472 6
1473 5
1474 1
1475 2
1480 2
1484 1
1485 1
1486 1
1489 1
1492 1
1493 1
1499 1
1501 2
1502 3
1504 1
1508 1
1511 1
1513 1
1514 1
1515 2
1519 2
1520 3
1521 1
1524 1
1525 1
1530 1
1531 3
1533 1
1534 1
1536 1
1537 1
1542 1
1543 1
1545 1
1548 1
1549 1
1551 1
1553 1
1554 2
1559 1
1560 1
1561 2
1564 3
1568 1
1572 1
1573 1
1575 1
1576 1
1577 1
1583 1
1584 1
1587 1
1590 2
1591 1
1593 1
1594 1
1596 1
1599 1
1602 1
1603 1
1604 1
1609 1
1613 2
1616 1
1623 1
1625 1
1626 1
1628 1
1630 3
1631 1
1632 1
1643 1
1645 1
1646 1
1647 1
1655 1
1656 1
1657 2
1664 1
1666 1
1667 3
1670 1
1671 1
1673 1
1674 1
1676 1
1683 1
1686 1
1689 1
1690 1
1691 3
1694 1
1700 1
1702 1
1708 1
1715 1
1717 1
1718 1
1730 1
1732 2
1734 1
1735 1
1737 1
1739 1
1741 1
1742 1
1743 1
1746 1
1747 1
1748 3
1749 1
1750 1
1753 1
1754 1
1755 1
1758 1
1759 1
1760 1
1766 1
1773 1
1782 1
1792 2
1799 1
1801 1
1809 1
1810 1
1816 1
1817 2
1826 2
1827 1
1832 1
1833 1
1843 1
1849 1
1862 1
1863 1
1865 1
1867 1
1871 2
1885 1
1887 1
1889 2
1890 1
1891 1
1894 1
1895 1
1899 1
1911 1
1912 1
1917 1
1918 1
1921 1
1926 1
1927 1
1929 1
1930 2
1934 1
1935 1
1945 1
1954 1
1968 1
1982 1
1994 1
1996 1
1997 1
1998 1
2000 3
2008 1
2012 1
2019 2
2022 1
2024 1
2027 1
2029 1
2032 1
2035 1
2037 1
2049 1
2055 1
2060 1
2068 1
2071 1
2075 1
2077 1
2080 1
2088 1
2091 1
2103 1
2112 1
2116 2
2133 1
2146 1
2148 1
2156 1
2157 1
2158 2
2166 2
2171 1
2174 1
2185 1
2189 2
2190 1
2196 1
2197 1
2200 2
2205 1
2206 1
2208 1
2211 1
2222 1
2225 1
2227 1
2228 1
2232 1
2237 1
2247 1
2254 1
2260 1
2262 1
2264 1
2265 2
2271 1
2280 1
2281 1
2289 1
2291 1
2292 1
2295 2
2296 1
2298 1
2307 1
2311 1
2314 1
2316 1
2322 1
2324 1
2326 1
2327 1
2328 1
2335 1
2338 1
2340 1
2343 1
2349 1
2351 1
2352 1
2365 1
2370 1
2375 1
2378 1
2385 1
2387 1
2392 1
2393 1
2409 1
2420 1
2428 1
2430 1
2431 2
2437 2
2443 2
2447 1
2449 1
2454 1
2457 1
2461 1
2464 1
2465 2
2466 1
2468 2
2471 2
2472 1
2479 1
2480 1
2505 1
2512 2
2519 1
2547 1
2548 1
2558 1
2559 1
2575 1
2577 1
2587 1
2592 1
2606 1
2612 1
2614 1
2616 1
2624 1
2640 1
2645 1
2682 1
2695 1
2737 2
2749 1
2750 1
2754 1
2756 1
2781 1
2783 1
2796 1
2797 1
2799 2
2800 3
2801 1
2806 1
2812 1
2819 1
2827 1
2852 2
2867 1
2872 1
2882 1
2890 1
2906 1
2925 1
2928 1
2934 1
2936 1
2940 1
2941 1
2945 1
2956 1
2957 1
2971 2
2973 1
3000 1
3011 1
3013 1
3032 1
3041 1
3043 2
3046 1
3050 1
3054 1
3058 1
3075 1
3081 1
3082 1
3083 1
3084 3
3097 1
3103 1
3106 1
3118 1
3120 1
3124 1
3134 1
3135 1
3142 1
3145 2
3153 1
3163 1
3172 6
3176 2
3183 1
3187 1
3196 1
3198 1
3209 1
3216 1
3219 1
3245 1
3248 1
3255 1
3285 1
3288 1
3295 1
3303 2
3311 1
3313 1
3338 1
3339 1
3350 1
3359 1
3370 2
3373 1
3376 1
3388 1
3391 1
3392 1
3394 1
3405 1
3419 1
3432 1
3433 1
3452 1
3457 1
3461 1
3462 2
3463 1
3476 1
3486 1
3487 1
3498 1
3499 1
3505 1
3508 3
3513 1
3527 1
3535 1
3538 1
3539 1
3557 2
3572 1
3575 1
3579 1
3591 2
3592 1
3602 1
3615 2
3617 1
3618 5
3619 1
3620 6
3621 2
3622 2
3623 2
3624 5
3625 2
3628 2
3629 2
3631 1
3640 1
3642 1
3644 1
3654 1
3655 1
3670 1
3676 1
3682 1
3710 1
3720 1
3774 1
3781 1
3823 1
3826 1
3839 1
3851 1
3859 1
3885 1
3902 1
3947 1
3994 1
4016 1
4025 1
4087 1
4091 1
4095 1
4106 1
4109 1
4141 1
4148 1
4186 1
4255 1
4283 1
4343 1
4344 1
4400 1
4453 1
4522 1
4530 1
4627 1
4641 1
4650 1
4674 1
4730 1
4736 2
4738 1
4752 1
4757 1
4765 1
4771 1
4800 1
4804 1
4847 1
4851 1
4860 1
4902 1
4986 1
4988 3
4989 2
4990 1
4992 4
4993 2
4994 1
4997 1
5000 1
5001 1
5002 1
5010 1
5012 1
5016 1
5018 1
5041 3
5084 1
5086 1
5166 1
5201 1
5224 1
5277 1
5328 1
5330 1
5435 1
5485 1
5514 1
5529 1
5539 1
5579 1
5614 1
5642 1
5719 2
5735 1
5763 1
5872 1
5973 1
6001 1
6099 1
6164 1
6233 1
6342 1
6344 1
6347 1
6358 1
6382 1
6412 4
6413 1
6414 1
6416 1
6427 2
6453 1
6456 1
6463 1
6464 1
6473 1
6478 1
6492 1
6556 1
6567 1
6572 1
6610 1
6611 1
6631 1
6641 1
6645 1
6669 1
6683 1
6690 1
6691 1
6704 1
6713 1
6715 1
6719 1
6728 1
6731 1
6748 1
6788 1
6798 1
6845 1
6858 1
6875 1
7081 1
7194 2
7196 1
7247 1
7451 1
7596 1
7692 1
7808 1
7824 1
7862 1
7879 1
7883 1
8017 1
8161 1
8172 1
8179 1
8281 1
8377 1
8408 1
8435 1
8454 1
8474 1
8750 1
8879 1
8949 1
9000 1
9130 1
9277 1
9295 1
9309 1
9509 1
9516 1
9524 1
9710 1
9735 1
9741 1
9771 1
9892 1
10000 1
10096 1
10219 1
10384 1
10515 1
10718 1
10817 1
10913 1
11115 1
11285 1
11368 1
11591 1
11824 1
12048 1
12383 1
12558 1
12672 1
13059 1
13086 1
13136 1
13166 1
14234 1
16653 1
17834 1
20001 1
23234 1
23285 1
25972 1
29677 1
30000 1
30001 1
32756 1
43190 1
46503 1
73642 1
100000 1
109414 1
198949 1
317172 1
691885 1
