0 37523412
1 55983075
2 12228531
3 1228759
4 410299
5 245452
6 149866
7 99840
8 62395
9 39119
10 27483
11 22384
12 19626
13 16536
14 12502
15 9498
16 7000
17 5369
18 3770
19 2614
20 1842
21 1461
22 1104
23 925
24 758
25 646
26 559
27 477
28 435
29 339
30 303
31 239
32 200
33 173
34 161
35 145
36 126
37 110
38 80
39 106
40 84
41 67
42 70
43 72
44 60
45 54
46 57
47 47
48 53
49 28
50 34
51 27
52 31
53 19
54 30
55 20
56 20
57 19
58 35
59 34
60 15
61 19
62 20
63 16
64 13
65 16
66 11
67 16
68 11
69 6
70 11
71 13
72 10
73 10
74 8
75 10
76 10
77 12
78 7
79 4
80 4
81 3
82 4
83 3
84 10
85 3
86 3
87 11
88 5
89 4
90 3
91 5
92 4
93 8
94 2
95 5
96 3
97 2
98 2
99 2
100 4
101 5
102 5
103 5
104 1
105 6
106 7
107 4
108 3
109 4
110 4
111 2
112 6
113 7
114 6
115 3
116 3
117 8
118 5
119 3
120 3
121 3
122 4
123 2
124 5
125 3
126 1
127 4
128 1
129 2
130 3
131 3
132 1
134 1
135 1
136 2
138 3
139 1
141 4
144 2
146 3
147 1
149 1
152 2
153 2
154 1
159 1
227 1
318 1
326 1
