0 428698
1 2926382
2 3137171
3 1339550
4 713334
5 534876
6 420193
7 298998
8 285504
9 213994
10 189974
11 178153
12 242262
13 309012
14 265853
15 203338
16 171087
17 135027
18 101894
19 77881
20 78737
21 70635
22 63095
23 50577
24 62830
25 51753
26 50340
27 39309
28 62244
29 41534
30 33518
31 29782
32 31480
33 27605
34 27448
35 25198
36 22103
37 24045
38 22539
39 19757
40 22938
41 20805
42 18162
43 22676
44 18106
45 16835
46 19652
47 16302
48 22829
49 12798
50 15235
51 12448
52 13864
53 10839
54 11881
55 12140
56 11110
57 11395
58 10033
59 11520
60 11234
61 8971
62 10048
63 9055
64 9032
65 8594
66 9659
67 9527
68 8691
69 8461
70 9309
71 7145
72 9868
73 10381
74 8227
75 8709
76 9023
77 7857
78 7685
79 8923
80 6991
81 12229
82 8330
83 25687
84 6034
85 10724
86 7010
87 9591
88 5903
89 5469
90 5379
91 4708
92 4703
93 4095
94 4809
95 7331
96 4941
97 5652
98 10831
99 4857
100 5185
101 5024
102 4798
103 4392
104 4331
105 4225
106 4264
107 5295
108 4172
109 4307
110 3722
111 3266
112 3606
113 5120
114 3465
115 3291
116 3616
117 2964
118 3325
119 2997
120 3212
121 3481
122 2862
123 2861
124 5164
125 3637
126 2923
127 2948
128 2774
129 2943
130 3403
131 2785
132 2952
133 3076
134 2478
135 3117
136 2141
137 3561
138 2220
139 2508
140 2997
141 2347
142 3158
143 2765
144 3735
145 2182
146 2455
147 2210
148 3022
149 2801
150 1840
151 2507
152 2354
153 2067
154 2236
155 2498
156 1951
157 2623
158 2149
159 2094
160 1829
161 1954
162 1928
163 2025
164 2065
165 2792
166 2521
167 2249
168 2390
169 2046
170 3142
171 1910
172 1822
173 3080
174 1753
175 2096
176 1581
177 1852
178 1926
179 1307
180 1576
181 1693
182 1443
183 1751
184 1584
185 1505
186 1398
187 1908
188 1448
189 1283
190 1557
191 1822
192 1721
193 1342
194 1463
195 1446
196 1446
197 1406
198 1365
199 1775
200 1292
201 1484
202 1712
203 1467
204 1173
205 1160
206 1079
207 1223
208 1073
209 1302
210 1295
211 1101
212 969
213 1389
214 978
215 1214
216 1095
217 1115
218 1145
219 1414
220 1156
221 1269
222 1678
223 1363
224 974
225 925
226 1077
227 1554
228 1058
229 1252
230 1141
231 1159
232 1085
233 841
234 968
235 1300
236 1117
237 1060
238 1300
239 1392
240 974
241 1317
242 965
243 989
244 829
245 1310
246 1026
247 1102
248 1485
249 1118
250 936
251 1082
252 1049
253 1349
254 1022
255 928
256 1706
257 994
258 963
259 1025
260 922
261 1032
262 836
263 1274
264 958
265 957
266 950
267 904
268 822
269 1463
270 884
271 6810
272 856
273 945
274 1436
275 1453
276 701
277 1018
278 1122
279 2683
280 629
281 1442
282 1165
283 1528
284 646
285 1104
286 846
287 1049
288 1028
289 1013
290 1412
291 1420
292 588
293 595
294 559
295 1573
296 796
297 644
298 669
299 597
300 843
301 640
302 740
303 795
304 596
305 872
306 619
307 1127
308 875
309 820
310 912
311 1367
312 866
313 610
314 619
315 707
316 739
317 707
318 796
319 684
320 1620
321 586
322 686
323 535
324 606
325 942
326 990
327 433
328 609
329 501
330 455
331 508
332 605
333 514
334 411
335 454
336 621
337 553
338 585
339 455
340 471
341 588
342 457
343 531
344 435
345 453
346 514
347 483
348 562
349 538
350 420
351 467
352 501
353 705
354 535
355 504
356 528
357 418
358 713
359 613
360 689
361 855
362 608
363 525
364 492
365 495
366 482
367 531
368 394
369 482
370 650
371 385
372 486
373 444
374 563
375 7301
376 480
377 472
378 347
379 552
380 498
381 430
382 432
383 760
384 508
385 1379
386 603
387 449
388 621
389 552
390 349
391 925
392 347
393 582
394 434
395 318
396 358
397 285
398 415
399 353
400 362
401 515
402 504
403 309
404 524
405 476
406 1331
407 372
408 386
409 366
410 1640
411 689
412 747
413 328
414 918
415 398
416 962
417 774
418 692
419 1343
420 612
421 1086
422 1309
423 284
424 496
425 416
426 931
427 536
428 399
429 910
430 359
431 250
432 261
433 364
434 337
435 259
436 318
437 261
438 361
439 377
440 304
441 368
442 306
443 262
444 357
445 382
446 398
447 424
448 439
449 391
450 355
451 432
452 777
453 224
454 316
455 419
456 631
457 258
458 267
459 211
460 360
461 1024
462 336
463 245
464 238
465 260
466 515
467 255
468 420
469 440
470 208
471 261
472 394
473 356
474 742
475 204
476 301
477 311
478 261
479 200
480 545
481 160
482 402
483 524
484 596
485 235
486 673
487 229
488 335
489 259
490 362
491 225
492 326
493 576
494 310
495 229
496 293
497 1439
498 215
499 596
500 564
501 228
502 680
503 313
504 878
505 478
506 620
507 425
508 422
509 298
510 414
511 234
512 243
513 181
514 285
515 156
516 327
517 1943
518 325
519 301
520 227
521 206
522 646
523 328
524 581
525 254
526 725
527 1110
528 525
529 342
530 443
531 756
532 176
533 517
534 210
535 325
536 401
537 189
538 143
539 260
540 289
541 488
542 275
543 301
544 541
545 187
546 281
547 159
548 182
549 344
550 777
551 434
552 180
553 221
554 205
555 242
556 223
557 446
558 177
559 289
560 289
561 555
562 238
563 757
564 301
565 469
566 187
567 481
568 287
569 267
570 288
571 443
572 454
573 96
574 757
575 499
576 266
577 149
578 666
579 305
580 270
581 299
582 1898
583 99
584 189
585 245
586 244
587 172
588 197
589 305
590 267
591 303
592 161
593 223
594 309
595 218
596 205
597 305
598 134
599 254
600 256
601 460
602 195
603 182
604 249
605 160
606 221
607 204
608 406
609 206
610 411
611 120
612 132
613 157
614 394
615 153
616 405
617 300
618 120
619 562
620 584
621 253
622 176
623 208
624 260
625 279
626 200
627 255
628 306
629 204
630 230
631 359
632 206
633 228
634 150
635 415
636 243
637 250
638 245
639 141
640 258
641 275
642 219
643 178
644 299
645 236
646 147
647 397
648 393
649 337
650 849
651 157
652 661
653 94
654 616
655 117
656 277
657 341
658 95
659 149
660 181
661 110
662 336
663 350
664 139
665 383
666 150
667 448
668 102
669 229
670 164
671 179
672 164
673 278
674 94
675 490
676 87
677 147
678 114
679 254
680 209
681 343
682 175
683 144
684 111
685 256
686 171
687 120
688 120
689 144
690 169
691 101
692 234
693 110
694 89
695 127
696 705
697 136
698 129
699 198
700 326
701 186
702 331
703 117
704 182
705 662
706 161
707 225
708 76
709 202
710 109
711 214
712 268
713 173
714 123
715 140
716 407
717 644
718 130
719 356
720 138
721 149
722 208
723 171
724 286
725 121
726 118
727 104
728 127
729 155
730 98
731 68
732 197
733 124
734 725
735 120
736 613
737 116
738 158
739 152
740 129
741 140
742 162
743 116
744 397
745 173
746 239
747 317
748 191
749 244
750 128
751 177
752 219
753 436
754 330
755 173
756 226
757 341
758 93
759 529
760 126
761 592
762 136
763 122
764 126
765 295
766 122
767 97
768 94
769 131
770 174
771 67
772 228
773 96
774 392
775 137
776 176
777 161
778 173
779 86
780 433
781 69
782 253
783 127
784 268
785 109
786 191
787 408
788 294
789 81
790 189
791 196
792 204
793 181
794 177
795 155
796 234
797 310
798 92
799 387
800 191
801 163
802 131
803 86
804 263
805 183
806 138
807 199
808 132
809 207
810 225
811 142
812 72
813 159
814 97
815 209
816 253
817 194
818 79
819 264
820 181
821 364
822 149
823 93
824 246
825 252
826 374
827 102
828 281
829 199
830 95
831 89
832 264
833 97
834 217
835 80
836 123
837 73
838 204
839 141
840 399
841 175
842 261
843 105
844 153
845 156
846 363
847 206
848 175
849 70
850 376
851 132
852 294
853 200
854 417
855 94
856 343
857 141
858 237
859 63
860 132
861 130
862 199
863 213
864 156
865 128
866 168
867 84
868 122
869 182
870 127
871 191
872 119
873 108
874 94
875 245
876 166
877 300
878 117
879 263
880 97
881 278
882 160
883 298
884 189
885 122
886 323
887 114
888 73
889 256
890 87
891 122
892 115
893 441
894 114
895 298
896 71
897 223
898 127
899 145
900 115
901 95
902 63
903 283
904 82
905 288
906 82
907 233
908 79
909 248
910 127
911 58
912 79
913 144
914 202
915 58
916 492
917 118
918 243
919 152
920 95
921 68
922 230
923 108
924 84
925 71
926 73
927 200
928 96
929 163
930 132
931 89
932 97
933 80
934 92
935 186
936 99
937 70
938 49
939 95
940 437
941 82
942 118
943 114
944 256
945 108
946 86
947 88
948 132
949 203
950 63
951 98
952 94
953 288
954 164
955 43
956 41
957 76
958 39
959 75
960 439
961 86
962 145
963 67
964 387
965 161
966 83
967 238
968 98
969 154
970 53
971 450
972 248
973 60
974 77
975 42
976 532
977 79
978 167
979 152
980 145
981 105
982 83
983 73
984 255
985 919
986 498
987 66
988 147
989 62
990 343
991 54
992 98
993 63
994 102
995 323
996 89
997 390
998 53
999 137
1000 49
1001 106
1002 114
1003 271
1004 63
1005 364
1006 50
1007 742
1008 38
1009 82
1010 63
1011 808
1012 59
1013 93
1014 67
1015 976
1016 69
1017 403
1018 169
1019 5814
1020 93
1021 66
1022 68
1023 166
1024 38
1025 130
1026 98
1027 223
1028 74
1029 50
1030 73
1031 99
1032 714
1033 265
1034 128
1035 407
1036 219
1037 99
1038 205
1039 69
1040 225
1041 89
1042 95
1043 106
1044 97
1045 185
1046 114
1047 92
1048 60
1049 88
1050 104
1051 140
1052 82
1053 83
1054 63
1055 25
1056 121
1057 53
1058 61
1059 59
1060 38
1061 62
1062 58
1063 62
1064 61
1065 41
1066 59
1067 64
1068 80
1069 60
1070 100
1071 199
1072 78
1073 119
1074 95
1075 221
1076 81
1077 69
1078 36
1079 88
1080 60
1081 74
1082 35
1083 102
1084 59
1085 37
1086 50
1087 102
1088 92
1089 70
1090 51
1091 32
1092 61
1093 28
1094 42
1095 39
1096 54
1097 26
1098 78
1099 71
1100 58
1101 140
1102 60
1103 70
1104 117
1105 107
1106 70
1107 53
1108 33
1109 28
1110 68
1111 54
1112 57
1113 35
1114 71
1115 70
1116 36
1117 32
1118 87
1119 52
1120 101
1121 21
1122 68
1123 48
1124 69
1125 74
1126 124
1127 26
1128 86
1129 30
1130 64
1131 22
1132 76
1133 33
1134 39
1135 56
1136 53
1137 72
1138 62
1139 130
1140 41
1141 36
1142 40
1143 86
1144 73
1145 44
1146 48
1147 48
1148 56
1149 26
1150 46
1151 30
1152 66
1153 49
1154 61
1155 38
1156 40
1157 42
1158 40
1159 26
1160 122
1161 23
1162 73
1163 32
1164 236
1165 38
1166 69
1167 34
1168 49
1169 27
1170 44
1171 38
1172 184
1173 41
1174 34
1175 38
1176 185
1177 55
1178 75
1179 35
1180 127
1181 34
1182 27
1183 26
1184 31
1185 147
1186 26
1187 43
1188 33
1189 92
1190 22
1191 111
1192 97
1193 46
1194 80
1195 118
1196 78
1197 24
1198 122
1199 22
1200 92
1201 100
1202 48
1203 89
1204 87
1205 59
1206 43
1207 144
1208 69
1209 144
1210 102
1211 93
1212 70
1213 66
1214 134
1215 40
1216 37
1217 100
1218 48
1219 93
1220 26
1221 55
1222 73
1223 74
1224 33
1225 54
1226 127
1227 85
1228 129
1229 70
1230 26
1231 53
1232 45
1233 295
1234 43
1235 76
1236 42
1237 68
1238 36
1239 27
1240 102
1241 47
1242 40
1243 44
1244 46
1245 28
1246 88
1247 31
1248 35
1249 26
1250 54
1251 21
1252 38
1253 41
1254 29
1255 19
1256 52
1257 32
1258 61
1259 27
1260 29
1261 36
1262 33
1263 24
1264 64
1265 114
1266 64
1267 79
1268 56
1269 23
1270 44
1271 24
1272 37
1273 35
1274 242
1275 65
1276 60
1277 59
1278 40
1279 27
1280 39
1281 24
1282 36
1283 31
1284 51
1285 37
1286 46
1287 40
1288 28
1289 37
1290 36
1291 162
1292 13
1293 82
1294 25
1295 50
1296 41
1297 61
1298 53
1299 95
1300 13
1301 91
1302 15
1303 70
1304 32
1305 58
1306 33
1307 116
1308 53
1309 46
1310 40
1311 52
1312 18
1313 50
1314 39
1315 97
1316 737
1317 81
1318 70
1319 20
1320 46
1321 32
1322 43
1323 29
1324 96
1325 40
1326 60
1327 31
1328 83
1329 37
1330 89
1331 34
1332 27
1333 42
1334 26
1335 120
1336 52
1337 78
1338 76
1339 57
1340 29
1341 30
1342 14
1343 58
1344 19
1345 33
1346 24
1347 16
1348 54
1349 37
1350 127
1351 87
1352 57
1353 49
1354 16
1355 69
1356 22
1357 24
1358 60
1359 27
1360 28
1361 34
1362 21
1363 51
1364 14
1365 44
1366 23
1367 25
1368 94
1369 21
1370 7
1371 95
1372 26
1373 126
1374 41
1375 70
1376 21
1377 25
1378 106
1379 31
1380 29
1381 16
1382 21
1383 23
1384 123
1385 14
1386 32
1387 13
1388 48
1389 17
1390 563
1391 73
1392 20
1393 20
1394 13
1395 38
1396 19
1397 27
1398 39
1399 30
1400 21
1401 15
1402 32
1403 11
1404 65
1405 21
1406 97
1407 17
1408 25
1409 29
1410 9
1411 58
1412 14
1413 61
1414 32
1415 38
1416 14
1417 26
1418 24
1419 34
1420 21
1421 43
1422 44
1423 15
1424 103
1425 26
1426 18
1427 25
1428 51
1429 18
1430 20
1431 14
1432 52
1433 33
1434 84
1435 79
1436 20
1437 34
1438 18
1439 147
1440 16
1441 21
1442 22
1443 50
1444 44
1445 68
1446 18
1447 21
1448 125
1449 3
1450 32
1451 15
1452 29
1453 17
1454 138
1455 26
1456 20
1457 20
1458 18
1459 11
1460 7
1461 68
1462 19
1463 24
1464 15
1465 90
1466 26
1467 36
1468 100
1469 17
1470 78
1471 23
1472 12
1473 28
1474 10
1475 114
1476 27
1477 60
1478 42
1479 27
1480 45
1481 45
1482 46
1483 31
1484 36
1485 13
1486 450
1487 20
1488 23
1489 17
1490 33
1491 19
1492 13
1493 42
1494 16
1495 21
1496 25
1497 32
1498 13
1499 45
1500 20
1501 25
1502 16
1503 38
1504 17
1505 20
1506 35
1507 18
1508 36
1509 28
1510 76
1511 27
1512 42
1513 26
1514 33
1515 22
1516 51
1517 20
1518 15
1519 15
1520 20
1521 28
1522 23
1523 14
1524 22
1525 46
1526 14
1527 36
1528 20
1529 22
1530 11
1531 15
1532 34
1533 23
1534 91
1535 12
1536 11
1537 15
1538 14
1539 13
1540 27
1541 18
1542 135
1543 49
1544 14
1545 24
1546 73
1547 14
1548 15
1549 11
1550 22
1551 67
1552 62
1553 1155
1554 15
1555 20
1556 12
1557 24
1558 16
1559 20
1560 15
1561 77
1562 20
1563 14
1564 17
1565 19
1566 7
1567 17
1568 14
1569 15
1570 82
1571 13
1572 14
1573 11
1574 6
1575 9
1576 10
1577 15
1578 14
1579 27
1580 17
1581 9
1582 14
1583 20
1584 10
1585 13
1586 23
1587 13
1588 7
1589 21
1590 12
1591 21
1592 14
1593 10
1594 12
1595 22
1596 7
1597 16
1598 9
1599 20
1600 21
1601 15
1602 7
1603 6
1604 13
1605 13
1606 11
1607 19
1608 13
1609 19
1610 15
1611 14
1612 25
1613 23
1614 16
1615 9
1616 88
1617 18
1618 29
1619 34
1620 24
1621 11
1622 23
1623 15
1624 101
1625 22
1626 7
1627 18
1628 21
1629 8
1630 41
1631 16
1632 95
1633 21
1634 29
1635 10
1636 13
1637 24
1638 29
1639 14
1640 64
1641 10
1642 43
1643 13
1644 81
1645 14
1646 26
1647 15
1648 53
1649 14
1650 53
1651 43
1652 35
1653 14
1654 20
1655 13
1656 10
1657 27
1658 22
1659 14
1660 133
1661 38
1662 55
1663 32
1664 16
1665 32
1666 74
1667 13
1668 47
1669 20
1670 46
1671 12
1672 21
1673 34
1674 11
1675 17
1676 27
1677 15
1678 26
1679 30
1680 49
1681 16
1682 44
1683 19
1684 37
1685 24
1686 55
1687 23
1688 18
1689 26
1690 90
1691 13
1692 31
1693 18
1694 41
1695 29
1696 13
1697 10
1698 107
1699 28
1700 21
1701 53
1702 24
1703 102
1704 22
1705 17
1706 62
1707 14
1708 65
1709 19
1710 31
1711 16
1712 14
1713 12
1714 16
1715 12
1716 76
1717 17
1718 38
1719 17
1720 62
1721 53
1722 29
1723 52
1724 19
1725 21
1726 36
1727 44
1728 22
1729 44
1730 35
1731 60
1732 49
1733 21
1734 62
1735 21
1736 28
1737 53
1738 12
1739 95
1740 17
1741 80
1742 14
1743 82
1744 81
1745 54
1746 7
1747 19
1748 17
1749 59
1750 154
1751 47
1752 26
1753 38
1754 36
1755 18
1756 32
1757 22
1758 20
1759 19
1760 20
1761 24
1762 15
1763 37
1764 40
1765 61
1766 17
1767 19
1768 26
1769 30
1770 30
1771 38
1772 16
1773 26
1774 19
1775 21
1776 11
1777 20
1778 65
1779 56
1780 27
1781 24
1782 52
1783 18
1784 6
1785 48
1786 16
1787 36
1788 17
1789 76
1790 15
1791 33
1792 6
1793 34
1794 22
1795 25
1796 22
1797 13
1798 25
1799 80
1800 13
1801 35
1802 8
1803 40
1804 11
1805 16
1806 16
1807 42
1808 16
1809 41
1810 38
1811 25
1812 21
1813 35
1814 14
1815 66
1816 9
1817 36
1818 11
1819 10
1820 40
1821 54
1822 10
1823 40
1824 11
1825 26
1826 58
1827 13
1828 21
1829 41
1830 14
1831 47
1832 13
1833 11
1834 34
1835 22
1836 114
1837 49
1838 13
1839 25
1840 5
1841 26
1842 29
1843 35
1844 16
1845 27
1846 24
1847 12
1848 101
1849 15
1850 29
1851 9
1852 90
1853 9
1854 55
1855 7
1856 19
1857 23
1858 30
1859 7
1860 43
1861 17
1862 34
1863 32
1864 80
1865 30
1866 8
1867 15
1868 9
1869 74
1870 20
1871 27
1872 16
1873 20
1874 8
1875 41
1876 9
1877 62
1878 26
1879 17
1880 48
1881 34
1882 17
1883 33
1884 24
1885 42
1886 5
1887 15
1888 7
1889 129
1890 11
1891 56
1892 8
1893 51
1894 11
1895 41
1896 9
1897 48
1898 13
1899 37
1900 11
1901 68
1902 19
1903 12
1904 9
1905 45
1906 21
1907 46
1908 20
1909 27
1910 20
1911 89
1912 54
1913 23
1914 18
1915 30
1916 13
1917 37
1918 32
1919 13
1920 23
1921 27
1922 20
1923 50
1924 13
1925 18
1926 20
1927 34
1928 32
1929 33
1930 11
1931 29
1932 17
1933 29
1934 51
1935 56
1936 22
1937 39
1938 14
1939 15
1940 72
1941 15
1942 22
1943 72
1944 16
1945 24
1946 19
1947 42
1948 35
1949 23
1950 32
1951 15
1952 22
1953 8
1954 7
1955 29
1956 41
1957 17
1958 53
1959 25
1960 21
1961 20
1962 20
1963 50
1964 33
1965 19
1966 44
1967 44
1968 19
1969 47
1970 36
1971 18
1972 58
1973 72
1974 42
1975 22
1976 18
1977 12
1978 41
1979 38
1980 21
1981 64
1982 13
1983 10
1984 54
1985 16
1986 64
1987 13
1988 52
1989 17
1990 25
1991 33
1992 26
1993 24
1994 29
1995 15
1996 22
1997 15
1998 24
1999 34
2000 26
2001 207
2002 51
2003 46
2004 11
2005 36
2006 5
2007 51
2008 19
2009 42
2010 11
2011 18
2012 22
2013 20
2014 66
2015 35
2016 14
2017 30
2018 13
2019 88
2020 16
2021 30
2022 23
2023 39
2024 30
2025 30
2026 20
2027 29
2028 67
2029 26
2030 16
2031 5
2032 65
2033 19
2034 38
2035 31
2036 69
2037 37
2038 56
2039 36
2040 28
2041 41
2042 24
2043 41
2044 37
2045 6
2046 53
2047 25
2048 21
2049 17
2050 34
2051 27
2052 33
2053 30
2054 35
2055 35
2056 11
2057 26
2058 20
2059 15
2060 28
2061 41
2062 31
2063 54
2064 28
2065 18
2066 39
2067 16
2068 42
2069 18
2070 32
2071 11
2072 41
2073 17
2074 31
2075 28
2076 44
2077 16
2078 51
2079 33
2080 35
2081 23
2082 16
2083 30
2084 28
2085 33
2086 101
2087 24
2088 23
2089 26
2090 14
2091 39
2092 47
2093 13
2094 47
2095 20
2096 30
2097 12
2098 40
2099 22
2100 36
2101 171
2102 24
2103 20
2104 8
2105 29
2106 19
2107 18
2108 43
2109 37
2110 26
2111 50
2112 17
2113 34
2114 47
2115 28
2116 32
2117 23
2118 76
2119 41
2120 20
2121 53
2122 38
2123 52
2124 44
2125 36
2126 42
2127 26
2128 42
2129 29
2130 22
2131 13
2132 30
2133 13
2134 15
2135 14
2136 25
2137 6
2138 16
2139 7
2140 50
2141 7
2142 50
2143 22
2144 36
2145 13
2146 39
2147 39
2148 32
2149 24
2150 12
2151 30
2152 74
2153 18
2154 91
2155 18
2156 56
2157 22
2158 28
2159 19
2160 31
2161 30
2162 38
2163 33
2164 66
2165 15
2166 59
2167 17
2168 100
2169 19
2170 69
2171 29
2172 47
2173 29
2174 64
2175 27
2176 31
2177 36
2178 56
2179 32
2180 94
2181 15
2182 49
2183 36
2184 46
2185 66
2186 57
2187 44
2188 49
2189 22
2190 18
2191 20
2192 20
2193 15
2194 24
2195 19
2196 19
2197 8
2198 43
2199 34
2200 27
2201 19
2202 40
2203 35
2204 41
2205 8
2206 41
2207 15
2208 19
2209 10
2210 40
2211 47
2212 26
2213 36
2214 23
2215 44
2216 21
2217 22
2218 33
2219 24
2220 29
2221 16
2222 45
2223 21
2224 52
2225 23
2226 29
2227 45
2228 42
2229 19
2230 17
2231 93
2232 38
2233 23
2234 28
2235 27
2236 27
2237 19
2238 34
2239 31
2240 44
2241 20
2242 34
2243 24
2244 15
2245 32
2246 17
2247 37
2248 43
2249 48
2250 46
2251 38
2252 27
2253 189
2254 41
2255 59
2256 26
2257 43
2258 17
2259 12
2260 19
2261 20
2262 12
2263 12
2264 10
2265 34
2266 18
2267 15
2268 60
2269 385
2270 107
2271 12
2272 51
2273 8
2274 62
2275 43
2276 16
2277 43
2278 20
2279 46
2280 18
2281 54
2282 25
2283 33
2284 11
2285 21
2286 82
2287 21
2288 82
2289 8
2290 39
2291 6
2292 58
2293 13
2294 68
2295 12
2296 198
2297 24
2298 48
2299 14
2300 40
2301 41
2302 32
2303 52
2304 18
2305 71
2306 16
2307 45
2308 19
2309 36
2310 14
2311 31
2312 22
2313 36
2314 25
2315 33
2316 15
2317 31
2318 29
2319 42
2320 31
2321 13
2322 32
2323 25
2324 37
2325 42
2326 28
2327 24
2328 19
2329 14
2330 18
2331 17
2332 55
2333 22
2334 55
2335 91
2336 25
2337 50
2338 16
2339 37
2340 29
2341 30
2342 27
2343 52
2344 44
2345 192
2346 15
2347 24
2348 30
2349 41
2350 30
2351 12
2352 28
2353 25
2354 39
2355 4
2356 14
2357 24
2358 13
2359 13
2360 32
2361 18
2362 21
2363 17
2364 28
2365 17
2366 27
2367 6
2368 20
2369 7
2370 17
2371 8
2372 21
2373 10
2374 28
2375 9
2376 18
2377 19
2378 24
2379 15
2380 10
2381 31
2382 22
2383 32
2384 176
2385 13
2386 21
2387 31
2388 15
2389 24
2390 6
2391 77
2392 10
2393 33
2394 9
2395 31
2396 13
2397 25
2398 11
2399 114
2400 8
2401 27
2402 14
2403 44
2404 12
2405 58
2406 11
2407 21
2408 46
2409 8
2410 45
2411 7
2412 40
2413 16
2414 58
2415 7
2416 73
2417 109
2418 47
2419 4
2420 28
2421 9
2422 26
2423 14
2424 40
2425 30
2426 37
2427 245
2428 42
2429 39
2430 34
2431 11
2432 13
2433 9
2434 28
2435 29
2436 16
2437 32
2438 12
2439 12
2440 24
2441 13
2442 28
2443 22
2444 13
2445 27
2446 13
2447 63
2448 8
2449 61
2450 4
2451 48
2452 10
2453 113
2454 17
2455 22
2456 7
2457 25
2458 14
2459 30
2460 14
2461 26
2462 34
2463 26
2464 33
2465 53
2466 59
2467 42
2468 34
2469 23
2470 19
2471 32
2472 6
2473 21
2474 78
2475 24
2476 8
2477 95
2478 12
2479 12
2480 8
2481 8
2482 13
2483 66
2484 20
2485 60
2486 3
2487 33
2488 9
2489 46
2490 10
2491 25
2492 6
2493 43
2494 6
2495 22
2496 21
2497 12
2498 25
2499 38
2500 37
2501 17
2502 19
2503 14
2504 68
2505 35
2506 19
2507 29
2508 10
2509 35
2510 10
2511 28
2512 7
2513 32
2514 23
2515 31
2516 7
2517 39
2518 20
2519 10
2520 39
2521 13
2522 43
2523 7
2524 37
2525 4
2526 33
2527 18
2528 32
2529 35
2530 30
2531 29
2532 15
2533 19
2534 4
2535 26
2536 9
2537 29
2538 20
2539 51
2540 24
2541 37
2542 15
2543 44
2544 52
2545 88
2546 56
2547 24
2548 37
2549 45
2550 21
2551 26
2552 11
2553 17
2554 12
2555 37
2556 7
2557 62
2558 23
2559 29
2560 34
2561 23
2562 27
2563 6
2564 30
2565 25
2566 17
2567 6
2568 53
2569 12
2570 64
2571 15
2572 32
2573 12
2574 58
2575 21
2576 82
2577 17
2578 19
2579 24
2580 11
2581 22
2582 9
2583 22
2584 1
2585 66
2586 17
2587 32
2588 53
2589 72
2590 29
2591 7
2592 137
2593 9
2594 36
2595 16
2596 23
2597 15
2598 41
2599 19
2600 7
2601 17
2602 11
2603 23
2604 11
2605 17
2606 17
2607 9
2608 10
2609 24
2610 18
2611 19
2612 48
2613 10
2614 21
2615 41
2616 50
2617 30
2618 26
2619 104
2620 11
2621 109
2622 28
2623 33
2624 42
2625 44
2626 13
2627 33
2628 65
2629 34
2630 29
2631 37
2632 12
2633 18
2634 30
2635 52
2636 28
2637 40
2638 23
2639 25
2640 47
2641 78
2642 35
2643 8
2644 24
2645 6
2646 41
2647 35
2648 135
2649 20
2650 24
2651 35
2652 39
2653 31
2654 26
2655 6
2656 11
2657 6
2658 30
2659 23
2660 30
2661 24
2662 12
2663 118
2664 34
2665 52
2666 22
2667 27
2668 44
2669 36
2670 104
2671 12
2672 24
2673 11
2674 41
2675 83
2676 51
2677 13
2678 56
2679 50
2680 39
2681 15
2682 42
2683 8
2684 11
2685 14
2686 32
2687 3
2688 14
2689 96
2690 44
2691 67
2692 8
2693 14
2694 36
2695 8
2696 59
2697 34
2698 34
2699 4
2700 36
2701 10
2702 6
2703 47
2704 22
2705 37
2706 52
2707 24
2708 19
2709 6
2710 16
2711 75
2712 11
2713 56
2714 57
2715 18
2716 34
2717 3
2718 29
2719 6
2720 26
2721 46
2722 32
2723 36
2724 27
2725 4
2726 29
2727 35
2728 31
2729 12
2730 106
2731 28
2732 18
2733 164
2734 17
2735 14
2736 163
2737 17
2738 23
2739 15
2740 9
2741 97
2742 10
2743 60
2744 11
2745 41
2746 19
2747 50
2748 20
2749 37
2750 58
2751 37
2752 47
2753 96
2754 66
2755 62
2756 174
2757 39
2758 15
2759 18
2760 116
2761 31
2762 76
2763 83
2764 39
2765 29
2766 23
2767 46
2768 6
2769 46
2770 22
2771 30
2772 16
2773 45
2774 3
2775 37
2776 38
2777 31
2778 10
2779 96
2780 111
2781 28
2782 47
2783 13
2784 54
2785 80
2786 97
2787 24
2788 13
2789 28
2790 10
2791 16
2792 41
2793 14
2794 15
2795 12
2796 14
2797 2
2798 33
2799 11
2800 75
2801 10
2802 28
2803 58
2804 46
2805 22
2806 6
2807 12
2808 16
2809 7
2810 23
2811 31
2812 26
2813 148
2814 33
2815 42
2816 7
2817 60
2818 52
2819 65
2820 109
2821 7
2822 41
2823 7
2824 19
2825 2
2826 66
2827 29
2828 24
2829 111
2830 9
2831 19
2832 30
2833 16
2834 60
2835 8
2836 12
2837 9
2838 16
2839 25
2840 29
2841 20
2842 12
2843 41
2844 1
2845 36
2846 9
2847 41
2848 23
2849 16
2850 26
2851 18
2852 17
2853 22
2854 88
2855 30
2856 27
2857 18
2858 7
2859 16
2860 11
2861 32
2862 11
2863 50
2864 11
2865 34
2866 2
2867 28
2868 11
2869 29
2870 18
2871 97
2872 11
2873 30
2874 6
2875 56
2876 9
2877 40
2878 12
2879 126
2880 37
2881 48
2882 28
2883 32
2884 12
2885 24
2886 13
2887 6
2888 7
2889 43
2890 24
2891 2
2892 27
2893 4
2894 42
2895 12
2896 7
2897 20
2898 11
2899 17
2900 123
2901 41
2902 9
2903 9
2904 16
2905 5
2906 28
2907 4
2908 47
2909 4
2910 13
2911 19
2912 26
2913 22
2914 4
2915 56
2916 5
2917 5
2918 9
2919 31
2920 9
2921 24
2922 23
2923 42
2924 14
2925 120
2926 46
2927 22
2928 34
2929 56
2930 28
2931 39
2932 8
2933 77
2934 28
2935 8
2936 35
2937 11
2938 31
2939 11
2940 31
2941 6
2942 82
2943 5
2944 79
2945 10
2946 2
2947 8
2948 23
2949 6
2950 58
2951 3
2952 68
2953 18
2954 5
2955 5
2956 34
2957 8
2958 48
2959 13
2960 4
2961 27
2962 27
2964 81
2965 2
2966 164
2967 7
2968 15
2969 3
2970 22
2971 13
2972 13
2973 49
2974 50
2975 28
2977 87
2978 4
2979 2
2980 13
2981 7
2982 42
2983 4
2984 38
2986 26
2987 9
2988 24
2989 41
2990 2
2991 27
2992 6
2993 31
2994 1
2995 45
2996 2
2997 119
2998 4
2999 3
3000 1
3001 4
3002 68
3003 73
3004 9
3006 76
3007 3
3008 119
3010 11
3011 2
3012 46
3013 2
3014 2
3015 6
3016 6
3017 11
3018 2
3019 78
3020 13
3021 21
3022 2
3023 5
3024 8
3025 11
3026 6
3027 53
3028 3
3029 201
3030 10
3031 5
3032 54
3033 9
3034 35
3035 12
3036 19
3037 8
3038 2
3039 37
3040 7
3041 22
3042 2
3043 89
3044 4
3045 21
3046 41
3047 6
3048 17
3049 5
3050 3
3051 31
3052 4
3053 19
3054 16
3055 47
3056 6
3057 37
3058 1
3059 3
3060 25
3061 3
3062 27
3063 2
3064 54
3065 26
3066 2
3067 79
3068 1
3069 37
3070 3
3071 47
3072 40
3073 9
3074 6
3075 32
3076 2
3077 12
3078 6
3079 53
3080 11
3081 32
3082 11
3083 22
3084 4
3085 35
3086 9
3087 37
3088 30
3089 38
3090 7
3091 78
3092 4
3093 40
3094 8
3095 8
3096 17
3097 67
3098 10
3099 14
3100 22
3101 9
3102 86
3103 27
3104 8
3105 8
3106 27
3107 1
3108 30
3109 5
3110 11
3111 7
3112 29
3113 21
3114 4
3115 12
3116 3
3117 24
3118 13
3119 23
3120 4
3121 13
3122 9
3123 48
3124 7
3125 44
3126 5
3127 24
3128 1
3129 35
3130 2
3131 76
3132 12
3133 65
3134 16
3135 18
3136 26
3137 5
3138 6
3139 6
3140 11
3141 10
3142 7
3143 18
3144 5
3145 37
3146 2
3147 13
3148 5
3149 15
3150 6
3151 80
3152 33
3153 5
3154 51
3155 1
3156 29
3157 5
3158 93
3160 54
3161 30
3162 68
3163 37
3164 4
3165 11
3166 2
3167 28
3168 6
3169 28
3170 14
3171 12
3172 3
3173 39
3174 1
3175 16
3176 1
3177 31
3178 1
3179 21
3180 8
3181 25
3182 15
3183 43
3184 3
3185 24
3186 10
3187 23
3188 1
3189 30
3190 2
3191 14
3192 2
3193 29
3194 1
3195 22
3196 3
3197 23
3198 36
3199 16
3200 121
3201 2
3202 13
3203 9
3204 3
3205 21
3207 25
3208 1
3209 6
3210 1
3211 28
3212 25
3213 79
3214 113
3215 6
3216 8
3217 36
3218 4
3219 6
3220 8
3221 5
3222 22
3223 5
3224 75
3225 4
3226 9
3227 8
3228 11
3229 6
3230 4
3231 17
3232 1
3233 102
3234 2
3235 7
3236 4
3237 36
3238 6
3239 21
3240 5
3241 27
3242 5
3243 26
3244 4
3245 17
3246 4
3247 25
3248 1
3249 41
3250 8
3251 34
3252 1
3253 90
3254 1
3255 21
3256 3
3257 21
3258 8
3259 16
3260 16
3261 1
3263 25
3264 6
3265 62
3266 1
3267 14
3268 17
3269 8
3270 20
3271 14
3272 33
3273 12
3274 5
3275 26
3276 47
3277 3
3278 23
3279 2
3280 56
3281 12
3282 41
3283 10
3284 130
3285 4
3286 12
3287 4
3288 52
3289 6
3290 25
3291 69
3292 8
3293 163
3294 45
3295 3
3296 17
3297 3
3298 51
3299 20
3300 131
3301 4
3302 18
3303 4
3304 12
3305 9
3306 36
3307 55
3308 8
3309 78
3310 4
3311 66
3312 1
3313 50
3314 5
3315 26
3316 5
3317 90
3318 3
3319 18
3320 4
3321 37
3322 3
3323 46
3324 2
3325 2
3326 25
3327 4
3328 9
3330 23
3331 35
3332 63
3333 6
3334 33
3335 3
3336 74
3337 3
3338 4
3339 7
3340 4
3341 27
3342 3
3343 16
3344 2
3345 15
3347 36
3349 71
3350 2
3351 54
3352 8
3353 8
3354 45
3355 5
3356 56
3357 5
3358 6
3359 6
3360 13
3361 5
3362 116
3363 4
3364 60
3365 2
3366 17
3367 2
3368 47
3369 3
3370 5
3372 14
3373 3
3374 38
3375 101
3376 13
3377 42
3378 41
3379 2
3380 42
3381 5
3382 1
3383 6
3384 1
3386 5
3388 31
3389 5
3390 2
3391 97
3392 35
3393 3
3394 6
3395 25
3396 10
3397 36
3398 3
3399 24
3400 2
3401 30
3402 3
3403 7
3404 11
3405 17
3406 7
3407 86
3408 5
3409 6
3410 7
3411 23
3412 1
3413 11
3414 1
3415 4
3416 6
3417 17
3418 1
3419 23
3420 3
3421 12
3422 2
3423 9
3424 1
3425 9
3426 3
3427 25
3428 4
3429 9
3430 2
3431 25
3432 1
3433 2
3434 17
3435 4
3436 1
3437 41
3438 9
3439 22
3440 4
3441 54
3442 9
3443 5
3444 20
3445 6
3446 12
3447 1
3448 11
3449 6
3450 19
3451 5
3452 29
3453 7
3454 14
3455 3
3456 12
3457 3
3458 1
3459 2
3460 46
3461 2
3462 129
3463 10
3464 29
3465 9
3466 3
3467 12
3468 4
3469 30
3470 5
3471 8
3472 3
3473 6
3474 4
3475 34
3476 26
3477 79
3478 59
3480 21
3481 2
3482 8
3483 2
3484 256
3485 4
3486 14
3487 2
3489 2
3490 2
3491 197
3492 2
3493 24
3494 17
3495 12
3496 3
3497 48
3498 2
3499 138
3500 5
3501 13
3502 26
3503 6
3504 50
3505 1
3506 2
3507 7
3508 66
3509 6
3510 13
3511 292
3512 2
3513 12
3514 1
3515 65
3516 2
3517 34
3518 2
3519 3
3520 3
3521 35
3522 3
3523 230
3524 4
3525 295
3526 2
3527 71
3528 38
3529 1
3530 138
3531 5
3532 248
3533 1
3534 153
3535 2
3536 117
3537 3
3538 288
3539 5
3540 241
3541 51
3542 3
3543 65
3544 1
3545 259
3546 2
3547 36
3548 2
3549 63
3550 1
3551 63
3552 36
3553 7
3554 36
3555 1
3556 4
3557 1
3558 2523
3560 4
3561 1
3562 4
3564 4
3565 2
3566 11
3567 1
3568 4
3569 2
3571 1
3573 1
3574 5
3575 2
3577 4
3578 3
3579 2
3580 6
3581 1
3583 2
3584 3
3585 3
3586 1
3587 4
3588 4
3589 1
3590 4
3591 3
3593 5
3594 1
3595 6
3596 1
3597 5
3598 2
3599 3
3600 2
3602 2
3603 3
3604 1
3605 1
3606 2
3607 2
3608 3
3609 5
3610 3
3611 4
3612 1
3613 2
3614 2
3615 21
3616 24
3617 5
3618 5
3621 1
3622 2
3623 1
3624 2
3625 2
3626 2
3627 1
3628 3
3629 3
3630 4
3631 3
3632 7
3633 1
3634 3
3635 4
3636 1
3637 4
3638 2
3639 1
3641 2
3642 2
3643 1
3644 2
3645 1
3646 2
3647 2
3648 2
3649 5
3650 2
3651 2
3652 1
3653 2
3654 1
3655 3
3656 3
3657 2
3659 2
3660 3
3661 2
3663 7
3664 5
3665 2
3666 3
3667 2
3668 2
3669 1
3670 4
3671 2
3672 3
3673 1
3674 3
3675 2
3676 1
3678 3
3679 6
3680 4
3681 1
3682 1
3683 3
3684 2
3685 2
3686 3
3687 2
3688 2
3689 2
3690 3
3691 3
3692 3
3693 2
3694 1
3696 2
3697 2
3698 1
3699 1
3700 4
3701 4
3702 1
3703 3
3704 3
3705 1
3706 7
3707 1
3708 1
3709 1
3711 1
3712 3
3714 2
3715 1
3716 4
3717 1
3718 2
3719 1
3720 2
3721 2
3724 5
3725 3
3726 1
3727 4
3728 2
3729 2
3730 2
3731 2
3733 2
3734 4
3735 4
3736 16
3737 3
3738 8
3740 4
3741 1
3742 4
3743 3
3744 3
3746 3
3747 3
3748 1
3749 3
3750 1
3751 1
3752 1
3754 5
3755 1
3756 2
3757 1
3758 4
3759 3
3760 3
3761 2
3763 2
3765 3
3766 10
3769 2
3770 9
3771 1
3772 3
3773 5
3774 8
3775 3
3776 1
3777 1
3778 2
3779 1
3780 2
3781 1
3783 2
3784 2
3785 1
3786 3
3787 3
3788 2
3789 4
3790 2
3791 4
3792 1
3793 2
3794 2
3796 3
3797 1
3798 2
3799 1
3801 3
3802 2
3803 6
3804 1
3805 2
3807 2
3808 2
3809 3
3810 1
3811 1
3812 2
3813 1
3814 3
3815 1
3816 3
3818 2
3819 4
3820 3
3823 7
3824 2
3825 6
3826 3
3827 3
3828 1
3829 4
3830 3
3831 2
3833 1
3834 4
3835 14
3836 7
3837 2
3838 3
3839 6
3840 4
3841 4
3842 2
3843 4
3844 2
3845 2
3846 1
3847 1
3848 1
3849 7
3850 2
3851 3
3852 3
3853 13
3854 20
3855 4
3856 3
3857 5
3858 6
3859 5
3860 6
3861 13
3862 2
3863 1
3864 4
3865 1
3866 5
3868 3
3869 1
3870 14
3871 5
3872 28
3873 1
3874 16
3875 8
3876 22
3877 5
3878 31
3879 3
3880 8
3881 20
3882 13
3883 17
3884 22
3885 5
3886 19
3887 6
3888 4
3889 13
3890 9
3891 21
3892 33
3893 9
3894 4
3895 20
3896 2
3897 26
3898 8
3899 15
3900 10
3901 5
3902 10
3903 1
3904 5
3905 5
3906 4
3907 4
3908 2
3909 4
3910 3
3911 2
3912 4
3913 7
3914 2
3915 3
3916 3
3917 2
3918 5
3920 2
3921 2
3922 1
3923 2
3924 2
3925 1
3926 6
3927 2
3928 3
3929 10
3930 1
3931 1
3932 3
3933 5
3934 2
3935 2
3936 1
3937 6
3938 2
3939 1
3940 4
3941 3
3942 3
3943 5
3944 1
3945 7
3946 4
3947 4
3948 4
3949 4
3950 1
3951 3
3952 5
3953 5
3954 2
3955 3
3956 1
3957 4
3958 4
3959 6
3960 1
3961 1
3962 4
3964 2
3965 1
3967 2
3969 2
3970 3
3971 9
3972 1
3973 9
3974 2
3975 2
3976 3
3977 3
3978 6
3979 1
3980 4
3981 2
3982 2
3984 2
3985 5
3986 2
3987 1
3988 2
3989 2
3990 1
3991 1
3992 2
3993 3
3994 3
3995 1
3996 2
3997 4
3998 2
3999 2
4000 2
4001 1
4002 6
4003 7
4004 6
4005 3
4007 7
4008 1
4009 12
4010 9
4011 1
4012 1
4013 2
4014 4
4015 1
4016 3
4017 3
4018 4
4019 4
4020 4
4021 3
4022 9
4023 2
4024 2
4025 3
4026 1
4027 2
4028 2
4029 2
4030 2
4032 2
4034 7
4036 5
4037 1
4038 2
4039 2
4040 3
4041 1
4042 1
4043 3
4044 1
4045 2
4046 1
4047 4
4048 3
4049 3
4050 3
4052 6
4053 1
4054 2
4055 1
4056 6
4057 3
4058 6
4059 5
4060 6
4061 5
4062 2
4063 2
4064 2
4065 5
4066 1
4067 3
4068 2
4069 2
4070 3
4071 3
4072 1
4073 3
4074 1
4075 1
4076 3
4077 2
4078 1
4079 1
4080 32
4081 2
4082 1
4083 4
4084 1
4085 2
4086 3
4087 10
4088 1
4089 12
4090 8
4091 6
4094 2
4095 8
4097 3
4099 1
4100 4
4101 1
4102 1
4104 1
4105 3
4108 4
4110 4
4111 2
4113 2
4114 1
4115 2
4117 1
4118 2
4119 3
4120 4
4123 1
4124 1
4125 2
4126 1
4130 2
4131 1
4133 2
4134 2
4135 3
4136 2
4137 1
4138 4
4139 1
4140 2
4141 1
4143 2
4144 1
4145 2
4146 5
4147 1
4148 1
4149 1
4150 1
4151 1
4152 2
4153 1
4156 2
4159 1
4160 2
4161 1
4162 1
4163 2
4164 2
4165 1
4166 2
4168 1
4171 2
4173 3
4174 1
4176 1
4177 2
4178 3
4180 3
4181 1
4184 1
4186 1
4187 3
4188 5
4189 5
4191 2
4192 1
4194 3
4196 4
4197 5
4198 2
4199 1
4200 2
4202 1
4205 1
4206 5
4207 1
4208 3
4209 1
4210 3
4211 1
4212 1
4214 1
4217 3
4218 7
4219 1
4220 3
4221 3
4224 3
4226 2
4231 2
4234 19
4235 2
4236 3
4237 2
4238 2
4240 1
4243 1
4244 3
4246 2
4247 3
4248 1
4250 1
4251 1
4252 6
4253 2
4254 1
4255 3
4256 3
4258 1
4259 1
4262 3
4263 1
4265 1
4266 2
4267 1
4268 3
4269 1
4270 3
4272 4
4274 5
4276 1
4277 2
4278 1
4279 2
4281 1
4282 2
4284 3
4285 1
4286 4
4287 2
4288 1
4289 3
4290 4
4291 1
4292 4
4293 1
4296 2
4297 1
4298 1
4299 2
4300 2
4301 3
4302 1
4303 3
4304 3
4305 1
4307 2
4309 4
4312 4
4313 1
4314 3
4315 2
4316 2
4318 4
4320 3
4321 1
4322 3
4323 2
4324 3
4326 3
4327 2
4330 3
4331 2
4332 1
4333 1
4334 1
4335 1
4336 1
4337 2
4339 2
4341 1
4342 3
4343 1
4345 2
4346 1
4347 5
4348 2
4351 3
4352 3
4353 1
4355 1
4356 1
4357 1
4360 1
4361 2
4362 5
4363 2
4364 2
4366 3
4368 3
4369 5
4371 12
4372 12
4373 1
4374 2
4375 1
4376 5
4379 2
4380 1
4381 3
4382 1
4383 2
4384 2
4386 4
4387 2
4388 5
4389 1
4390 2
4391 1
4392 1
4394 1
4397 2
4398 1
4400 1
4401 2
4403 1
4405 1
4407 6
4408 1
4409 2
4410 2
4411 2
4412 4
4413 1
4414 6
4415 2
4417 1
4418 3
4420 1
4421 2
4422 6
4423 1
4424 5
4425 2
4428 1
4429 2
4430 1
4432 1
4433 1
4435 1
4436 2
4437 1
4438 3
4439 1
4440 2
4441 1
4442 1
4443 4
4444 4
4445 3
4448 1
4449 7
4450 3
4451 2
4452 3
4453 1
4455 3
4457 1
4458 1
4460 3
4461 2
4462 1
4464 3
4465 1
4466 1
4467 3
4469 3
4470 1
4471 2
4473 1
4474 1
4475 1
4476 3
4478 1
4479 1
4480 7
4481 2
4483 5
4484 2
4485 1
4486 2
4487 2
4488 1
4489 1
4490 2
4493 2
4494 1
4495 1
4496 2
4497 3
4498 5
4500 2
4501 1
4502 2
4503 2
4504 2
4505 1
4506 1
4507 3
4508 2
4509 2
4510 1
4511 1
4512 2
4514 1
4515 3
4516 2
4518 3
4520 1
4521 1
4522 4
4523 4
4524 2
4525 2
4526 4
4527 1
4529 3
4530 2
4531 2
4533 2
4534 4
4535 4
4536 2
4539 2
4540 2
4541 3
4542 1
4543 2
4544 1
4546 5
4547 4
4548 6
4549 2
4550 4
4551 5
4552 2
4553 1
4554 3
4555 1
4556 2
4557 1
4561 2
4562 2
4563 3
4564 2
4565 4
4566 8
4567 1
4569 1
4570 2
4573 2
4574 1
4575 2
4576 3
4577 2
4578 3
4579 1
4580 2
4582 2
4583 1
4584 2
4585 2
4586 5
4587 2
4588 1
4589 3
4590 1
4591 7
4592 4
4593 1
4594 2
4595 4
4596 5
4597 3
4598 2
4599 3
4601 1
4602 3
4603 3
4604 4
4605 1
4606 4
4607 2
4608 5
4609 19
4610 1
4611 2
4614 5
4615 3
4616 3
4618 1
4619 4
4620 3
4621 5
4622 2
4624 2
4625 1
4626 3
4627 3
4628 2
4629 1
4630 1
4631 1
4632 3
4633 2
4634 1
4636 2
4637 1
4638 2
4639 1
4640 2
4642 1
4643 1
4644 6
4645 2
4646 2
4648 4
4649 5
4650 2
4651 3
4652 4
4653 2
4654 4
4655 1
4656 2
4657 2
4658 11
4659 2
4660 1
4661 1
4662 1
4663 3
4664 1
4666 2
4669 6
4670 2
4671 1
4672 2
4674 3
4675 2
4676 1
4677 1
4678 3
4679 4
4680 4
4681 1
4682 1
4683 7
4685 1
4686 1
4688 2
4689 1
4690 1
4691 1
4692 5
4693 1
4694 1
4695 1
4696 7
4698 2
4699 3
4700 2
4701 5
4702 1
4703 37
4704 1
4705 3
4706 2
4707 1
4708 3
4709 5
4710 5
4711 2
4712 3
4713 6
4714 1
4715 1
4716 66
4717 1
4718 4
4719 2
4720 1
4721 1
4723 2
4724 1
4725 1
4726 1
4727 3
4728 1
4729 1
4730 1
4731 4
4732 2
4733 1
4734 1
4735 1
4737 2
4738 3
4739 2
4740 2
4741 3
4743 1
4744 1
4745 1
4746 2
4747 3
4748 1
4749 5
4750 2
4751 1
4752 4
4753 2
4754 3
4755 3
4756 2
4757 1
4758 2
4760 2
4761 12
4762 1
4763 2
4764 3
4765 2
4766 1
4767 2
4768 2
4769 4
4770 2
4772 6
4773 5
4775 4
4776 1
4777 3
4778 6
4779 2
4780 3
4781 2
4782 1
4783 1
4785 5
4786 2
4787 4
4791 3
4792 2
4793 1
4795 2
4796 3
4797 1
4798 4
4799 6
4800 2
4801 4
4802 2
4803 1
4804 3
4805 1
4806 4
4807 2
4808 2
4809 5
4810 9
4811 2
4812 2
4813 1
4814 2
4818 2
4819 1
4820 3
4822 4
4824 1
4826 3
4827 5
4829 6
4830 7
4831 5
4832 3
4833 1
4834 3
4835 7
4836 1
4838 2
4839 1
4841 6
4842 2
4843 2
4844 6
4845 5
4847 5
4849 6
4851 1
4855 1
4856 1
4857 1
4858 2
4859 2
4860 4
4862 3
4863 1
4864 2
4865 2
4866 2
4867 2
4868 1
4869 4
4870 4
4871 1
4872 1
4873 3
4874 6
4875 9
4876 3
4877 8
4878 1
4879 1
4880 1
4882 1
4883 4
4885 1
4887 3
4888 4
4891 4
4893 4
4894 1
4895 2
4896 1
4897 5
4898 14
4899 7
4900 3
4901 1
4902 1
4903 8
4904 1
4905 4
4907 5
4908 7
4909 7
4910 2
4911 3
4913 6
4914 2
4915 1
4916 1
4917 2
4918 5
4920 7
4921 3
4922 5
4923 4
4924 6
4925 19
4926 1
4928 12
4929 6
4930 6
4931 2
4932 1
4933 6
4934 2
4935 1
4936 2
4938 4
4939 5
4940 3
4942 4
4943 3
4944 1
4946 1
4948 30
4949 2
4950 3
4951 2
4952 5
4954 7
4956 2
4957 12
4958 8
4959 3
4961 18
4964 4
4965 2
4966 3
4967 1
4968 8
4969 3
4972 3
4973 3
4974 2
4975 2
4976 2
4978 2
4979 1
4980 1
4981 3
4983 3
4984 1
4985 7
4986 1
4987 5
4988 5
4989 3
4991 2
4992 2
4993 1
4994 6
4995 3
4996 1
4997 5
4998 1
4999 1
5000 1
5001 1
5002 10
5003 4
5004 4
5005 6
5006 2
5008 2
5009 1
5010 1
5011 6
5012 5
5014 1
5016 1
5017 1
5018 2
5019 1
5020 2
5021 2
5022 2
5023 1
5024 7
5025 1
5026 3
5027 1
5028 9
5030 3
5031 2
5033 1
5034 3
5035 4
5036 1
5037 2
5038 4
5039 3
5041 2
5043 1
5044 5
5045 2
5046 14
5048 2
5049 1
5051 1
5052 1
5053 1
5054 2
5056 4
5057 1
5060 1
5061 1
5062 3
5063 2
5064 1
5065 1
5066 1
5067 1
5068 2
5069 1
5070 2
5071 4
5072 1
5073 3
5074 6
5075 4
5076 2
5078 4
5079 3
5080 2
5081 2
5082 4
5085 1
5086 1
5087 3
5088 4
5089 1
5090 1
5093 2
5094 3
5095 3
5096 1
5100 2
5101 2
5102 1
5103 2
5104 4
5105 4
5106 1
5107 1
5108 1
5110 1
5112 3
5114 5
5115 1
5116 1
5118 1
5119 2
5120 1
5121 1
5124 1
5125 1
5126 4
5127 1
5128 3
5129 1
5130 2
5131 1
5132 2
5133 1
5134 4
5136 1
5137 2
5139 1
5140 3
5141 1
5142 2
5144 3
5145 1
5147 2
5149 3
5150 2
5151 1
5152 2
5153 6
5155 3
5157 3
5158 1
5160 2
5161 2
5162 6
5163 1
5164 1
5165 2
5166 1
5167 1
5168 7
5172 3
5173 1
5174 1
5176 1
5177 2
5179 4
5180 2
5182 3
5183 1
5184 1
5186 1
5188 1
5189 1
5190 2
5191 2
5192 2
5196 2
5198 1
5199 1
5200 2
5201 1
5203 1
5204 6
5205 1
5207 3
5208 1
5209 1
5210 1
5211 1
5212 1
5213 2
5214 3
5215 2
5216 1
5217 1
5220 1
5221 2
5222 1
5224 1
5225 1
5226 2
5228 1
5229 4
5230 1
5233 3
5234 3
5235 1
5236 2
5237 3
5239 4
5242 1
5243 3
5244 2
5246 1
5247 1
5248 1
5249 2
5252 5
5254 3
5255 4
5256 2
5257 1
5258 1
5259 1
5261 1
5262 2
5263 1
5265 1
5267 2
5270 2
5271 1
5272 1
5274 4
5276 1
5277 4
5278 1
5279 3
5280 2
5281 2
5282 2
5284 1
5285 5
5286 1
5287 2
5289 11
5290 1
5292 2
5293 2
5294 2
5296 1
5298 3
5299 1
5300 1
5301 4
5302 4
5303 3
5304 7
5305 1
5306 3
5307 1
5310 3
5311 1
5314 6
5315 3
5316 2
5318 5
5320 3
5321 1
5323 1
5324 2
5325 1
5326 4
5328 1
5329 1
5330 3
5331 3
5332 4
5333 4
5336 2
5338 1
5339 1
5340 33
5341 2
5342 2
5345 9
5346 2
5348 2
5350 1
5351 1
5352 4
5353 5
5355 2
5356 1
5357 3
5358 1
5359 1
5360 2
5362 2
5363 1
5364 2
5365 1
5367 2
5369 1
5370 3
5372 1
5373 1
5374 2
5376 1
5377 3
5378 1
5379 3
5381 4
5383 1
5384 1
5387 4
5388 3
5389 1
5390 4
5391 1
5393 2
5394 6
5395 1
5396 2
5397 2
5398 5
5402 1
5403 2
5405 2
5406 2
5407 2
5408 4
5409 1
5410 4
5411 1
5412 1
5413 4
5414 1
5415 3
5416 1
5418 3
5419 2
5420 3
5421 1
5422 2
5423 1
5424 1
5425 1
5426 2
5427 2
5428 1
5429 6
5430 4
5431 2
5432 1
5433 1
5435 1
5436 2
5438 4
5439 3
5440 2
5441 3
5442 3
5443 2
5444 2
5445 9
5446 2
5448 2
5449 2
5450 3
5451 1
5452 2
5453 1
5454 1
5455 1
5456 2
5457 2
5458 2
5459 2
5460 1
5463 5
5464 3
5465 1
5467 2
5468 2
5469 4
5470 1
5471 1
5472 5
5473 2
5474 1
5475 1
5476 4
5477 2
5479 1
5481 1
5482 4
5483 1
5485 1
5486 4
5487 1
5488 4
5490 1
5491 2
5492 1
5493 1
5494 4
5495 2
5496 5
5497 1
5498 2
5499 1
5501 4
5502 1
5503 1
5506 2
5508 2
5509 2
5512 3
5514 1
5519 4
5521 1
5522 5
5524 1
5525 1
5526 3
5528 1
5529 3
5531 1
5532 3
5533 2
5535 4
5536 2
5537 3
5538 1
5541 2
5543 1
5544 1
5545 2
5547 2
5550 2
5552 4
5553 1
5554 1
5556 3
5558 3
5559 1
5560 5
5561 1
5562 4
5563 3
5565 1
5567 1
5569 1
5570 1
5574 2
5576 3
5578 2
5580 1
5588 1
5591 5
5592 2
5595 5
5596 2
5598 1
5600 1
5602 4
5603 1
5604 3
5607 2
5608 1
5611 1
5612 2
5613 1
5614 3
5615 3
5617 4
5618 3
5619 2
5620 4
5623 1
5625 4
5626 3
5627 3
5628 2
5630 1
5632 1
5633 3
5635 1
5638 2
5641 1
5643 3
5644 1
5645 1
5646 1
5648 2
5649 1
5652 2
5653 1
5655 1
5657 1
5658 1
5661 1
5662 1
5664 2
5668 2
5669 1
5671 1
5672 1
5675 2
5677 1
5679 2
5680 3
5682 1
5683 2
5687 6
5688 186
5689 2
5690 2
5694 1
5695 1
5698 2
5699 2
5700 1
5701 4
5702 5
5703 2
5704 1
5706 1
5707 2
5709 3
5710 1
5713 2
5714 1
5715 1
5716 2
5719 2
5721 2
5723 1
5724 1
5725 1
5728 2
5730 9
5733 1
5734 1
5735 3
5736 4
5738 1
5739 2
5741 1
5744 1
5746 4
5749 1
5752 1
5754 3
5759 3
5761 1
5763 1
5764 3
5765 2
5766 1
5767 1
5769 3
5770 1
5772 5
5773 3
5774 1
5775 2
5777 1
5780 1
5781 1
5782 1
5783 3
5784 1
5785 1
5786 1
5787 2
5790 3
5791 4
5792 3
5798 2
5799 3
5801 5
5807 6
5809 6
5810 4
5811 1
5812 5
5813 2
5814 3
5816 5
5818 1
5819 1
5821 1
5822 3
5824 5
5825 14
5828 1
5831 2
5833 1
5834 2
5835 1
5839 2
5840 1
5842 1
5844 1
5845 3
5848 2
5849 1
5851 2
5854 2
5857 4
5859 2
5860 4
5862 1
5863 3
5864 1
5865 2
5867 2
5868 3
5871 3
5872 1
5876 1
5877 1
5879 3
5882 4
5884 1
5885 1
5887 2
5888 2
5889 1
5890 4
5891 1
5893 2
5894 3
5895 1
5896 2
5897 3
5898 1
5899 2
5902 1
5903 1
5904 1
5905 1
5906 2
5907 1
5909 1
5910 2
5911 1
5914 2
5917 1
5918 2
5919 2
5920 2
5921 4
5925 1
5926 1
5927 3
5928 1
5930 4
5932 3
5933 1
5934 1
5935 3
5937 1
5938 1
5939 2
5941 3
5942 3
5944 2
5946 1
5948 3
5949 5
5950 2
5952 1
5954 1
5958 4
5961 2
5963 9
5964 1
5965 3
5966 3
5967 1
5968 3
5970 4
5971 1
5972 1
5974 2
5975 3
5976 1
5977 9
5978 1
5979 7
5980 1
5982 1
5986 1
5988 1
5990 6
5992 2
5994 1
5995 2
5996 3
5999 1
6000 7
6001 2
6002 1
6003 3
6006 2
6008 1
6009 1
6011 1
6013 2
6014 8
6015 2
6016 1
6017 2
6019 1
6020 1
6022 1
6023 1
6024 3
6026 1
6027 1
6029 1
6030 2
6032 2
6033 2
6034 3
6035 2
6036 6
6037 2
6038 1
6039 1
6041 3
6043 1
6045 1
6047 3
6049 3
6051 2
6052 1
6053 2
6054 1
6056 3
6058 1
6060 3
6062 2
6063 1
6064 2
6066 1
6068 1
6069 1
6070 4
6071 1
6072 2
6073 4
6074 1
6075 1
6076 1
6077 2
6078 1
6079 3
6082 1
6083 1
6085 1
6086 2
6088 2
6089 1
6090 1
6091 1
6093 1
6094 1
6095 3
6096 1
6097 2
6099 1
6100 2
6101 1
6102 2
6105 3
6106 4
6108 3
6113 1
6114 1
6115 1
6117 1
6118 1
6120 1
6123 1
6124 2
6126 2
6129 1
6130 1
6131 2
6132 1
6134 1
6136 1
6137 1
6138 3
6140 1
6142 1
6144 1
6145 1
6148 1
6149 7
6150 1
6151 2
6152 2
6153 3
6154 4
6155 1
6157 1
6158 1
6159 2
6164 2
6167 1
6169 2
6171 1
6172 1
6174 2
6175 1
6177 1
6178 1
6179 1
6181 3
6183 1
6185 2
6186 4
6188 3
6189 3
6190 2
6191 2
6193 1
6195 1
6197 1
6198 1
6199 6
6201 1
6202 2
6203 1
6209 3
6210 3
6211 3
6212 2
6214 2
6217 2
6220 2
6221 1
6222 1
6224 1
6226 2
6228 1
6230 2
6233 1
6234 1
6235 3
6239 1
6244 1
6245 1
6246 2
6250 1
6251 2
6252 2
6258 1
6261 1
6267 1
6268 2
6271 1
6272 1
6273 1
6280 1
6281 1
6283 1
6284 1
6285 3
6288 1
6289 2
6290 1
6291 4
6292 2
6293 7
6294 2
6295 1
6299 1
6300 4
6301 2
6302 2
6304 1
6305 2
6306 8
6309 1
6310 5
6311 1
6312 1
6313 1
6314 2
6315 1
6316 1
6318 1
6320 2
6321 1
6322 1
6324 4
6326 3
6327 1
6328 1
6330 1
6331 3
6333 3
6335 2
6337 1
6338 1
6339 3
6341 1
6343 1
6346 3
6347 2
6348 1
6349 4
6351 6
6352 2
6353 3
6355 1
6358 1
6359 1
6360 2
6364 1
6366 1
6370 1
6371 1
6373 1
6380 1
6382 1
6384 3
6386 2
6387 1
6391 2
6393 1
6395 3
6397 3
6398 1
6400 1
6401 2
6402 1
6403 1
6405 4
6408 3
6411 1
6414 2
6416 1
6418 1
6419 1
6421 1
6424 1
6427 1
6429 2
6430 2
6432 1
6433 1
6434 1
6436 1
6441 2
6443 1
6445 4
6446 1
6448 3
6449 1
6450 1
6451 2
6456 1
6458 2
6459 1
6461 2
6463 1
6466 2
6467 1
6468 2
6474 2
6476 1
6478 1
6480 2
6481 1
6482 5
6484 1
6485 1
6489 2
6490 1
6494 1
6498 3
6500 1
6501 2
6502 1
6507 3
6510 1
6516 1
6518 1
6522 1
6525 1
6526 3
6527 1
6528 1
6529 2
6530 1
6531 3
6532 1
6533 1
6538 2
6539 1
6540 3
6541 2
6542 2
6545 2
6546 1
6554 1
6558 2
6560 2
6562 1
6563 1
6568 5
6572 1
6573 2
6575 1
6578 2
6579 2
6589 1
6592 1
6593 1
6598 1
6602 2
6603 3
6604 3
6605 1
6606 1
6613 1
6614 1
6616 1
6618 2
6619 1
6622 3
6623 1
6627 1
6631 1
6633 1
6635 1
6639 1
6640 2
6648 1
6654 2
6655 3
6657 1
6658 4
6660 1
6662 2
6663 1
6667 1
6668 1
6669 1
6670 2
6671 1
6672 1
6675 1
6676 2
6677 1
6678 1
6680 1
6681 1
6682 1
6687 1
6689 1
6692 1
6693 2
6696 1
6697 1
6702 1
6710 2
6711 7
6712 1
6713 2
6714 1
6717 1
6718 3
6719 1
6722 2
6724 1
6725 1
6727 2
6731 1
6734 1
6739 2
6742 1
6745 1
6748 1
6751 1
6752 4
6754 1
6755 2
6757 1
6758 1
6759 1
6765 1
6766 1
6769 2
6775 2
6778 1
6781 4
6782 89
6783 1
6784 322
6785 49
6789 2
6791 2
6792 1
6793 1
6799 1
6802 1
6803 1
6804 2
6805 1
6807 1
6811 1
6820 1
6823 1
6824 1
6825 1
6826 1
6828 1
6830 1
6835 1
6838 2
6839 1
6840 1
6843 1
6845 3
6846 2
6847 1
6850 1
6851 1
6852 3
6854 1
6856 1
6858 2
6860 1
6861 1
6868 1
6870 1
6874 1
6876 1
6877 1
6880 1
6881 4
6882 1
6886 2
6888 1
6891 1
6893 2
6894 1
6895 1
6896 1
6899 4
6903 1
6905 1
6907 1
6914 1
6915 2
6918 2
6921 3
6922 1
6923 2
6924 4
6925 1
6927 1
6930 1
6932 1
6934 2
6935 1
6936 3
6937 1
6938 3
6940 1
6942 2
6944 1
6947 8
6951 1
6953 4
6955 1
6957 1
6961 3
6963 3
6965 1
6967 1
6969 1
6971 1
6974 1
6976 2
6977 1
6978 1
6979 1
6981 1
6982 1
6983 2
6984 2
6988 5
6990 1
6991 1
6993 7
6995 2
6999 3
7000 1
7008 2
7009 3
7011 1
7015 1
7016 1
7017 1
7023 1
7029 1
7030 1
7034 2
7036 1
7038 2
7039 1
7043 1
7047 1
7049 1
7054 2
7055 5
7056 1
7058 1
7060 3
7061 5
7063 1
7065 1
7066 10
7074 1
7081 1
7082 1
7085 1
7090 4
7092 2
7093 1
7094 1
7095 4
7096 1
7097 4
7102 2
7103 5
7104 1
7105 4
7106 2
7107 2
7108 3
7111 2
7116 3
7119 1
7122 1
7125 1
7126 1
7127 1
7128 2
7130 2
7131 1
7132 4
7133 1
7136 1
7137 5
7138 20
7139 7
7142 7
7143 20
7144 13
7145 59
7146 1
7147 1
7148 7
7149 1
7150 76
7151 3
7155 2
7161 1
7162 1
7166 1
7168 1
7170 1
7172 25
7177 2
7179 1
7180 1
7181 1
7183 1
7199 1
7201 1
7203 1
7209 5
7215 3
7219 1
7221 2
7223 1
7226 1
7231 1
7237 2
7243 2
7246 1
7247 1
7248 1
7250 1
7259 2
7260 1
7263 1
7267 1
7268 1
7272 1
7278 1
7288 1
7291 1
7294 2
7295 1
7296 1
7297 1
7300 2
7303 1
7321 2
7323 1
7331 2
7333 1
7337 1
7338 1
7339 5
7341 2
7345 1
7351 1
7353 2
7354 1
7355 4
7360 1
7362 1
7366 2
7370 2
7376 1
7378 1
7388 1
7393 2
7395 1
7400 1
7407 1
7410 1
7414 1
7417 1
7421 1
7424 1
7426 1
7434 1
7435 1
7438 1
7443 1
7445 1
7446 1
7448 1
7457 1
7458 1
7462 1
7463 3
7464 1
7470 1
7471 3
7472 1
7473 1
7475 1
7476 2
7477 1
7482 2
7491 2
7493 1
7495 2
7502 2
7503 2
7505 1
7511 1
7513 1
7523 2
7528 1
7534 1
7536 3
7537 1
7542 1
7544 1
7545 1
7546 1
7547 3
7548 1
7550 1
7551 1
7562 1
7565 1
7570 1
7574 1
7578 1
7583 1
7586 1
7592 1
7595 2
7599 1
7602 1
7604 1
7634 1
7635 1
7648 3
7651 1
7661 1
7662 1
7666 1
7667 3
7672 1
7674 1
7683 1
7686 1
7687 1
7694 1
7696 1
7706 1
7707 2
7708 3
7712 1
7713 1
7715 3
7720 1
7721 1
7722 1
7727 2
7731 1
7733 1
7737 2
7738 1
7743 5
7746 1
7754 1
7755 1
7759 2
7761 1
7763 1
7767 1
7768 1
7769 2
7771 1
7774 1
7776 2
7780 1
7782 3
7785 1
7788 7
7789 1
7794 2
7796 1
7803 4
7805 1
7812 1
7813 1
7822 1
7824 3
7829 1
7832 1
7834 2
7835 1
7836 1
7839 1
7841 1
7843 1
7849 1
7856 2
7863 1
7864 1
7865 1
7867 1
7868 1
7869 1
7873 1
7878 1
7879 1
7888 1
7890 1
7891 1
7895 1
7896 1
7897 1
7909 1
7916 2
7918 3
7919 1
7921 2
7924 2
7929 1
7931 2
7932 1
7933 1
7936 1
7937 1
7939 1
7941 3
7943 1
7946 2
7949 3
7950 1
7957 1
7967 5
7973 3
7979 1
7982 1
7983 1
7990 1
7998 1
8000 1
8001 1
8004 1
8017 1
8021 1
8026 1
8027 1
8029 4
8030 1
8031 2
8032 1
8033 1
8035 1
8036 3
8043 3
8045 1
8047 1
8052 1
8053 1
8054 1
8055 1
8057 1
8059 2
8061 1
8062 1
8063 1
8067 3
8068 29
8070 1
8074 1
8075 1
8076 1
8077 1
8078 1
8079 1
8080 1
8083 2
8087 1
8088 1
8089 8
8091 27
8092 2
8094 1
8098 1
8101 2
8104 1
8105 1
8106 1
8109 1
8119 1
8120 1
8121 1
8134 1
8136 1
8137 1
8138 1
8143 1
8146 1
8148 3
8150 1
8154 1
8155 1
8156 1
8160 2
8161 1
8166 2
8167 1
8168 4
8184 1
8192 1
8193 1
8199 1
8202 5
8204 2
8205 1
8213 4
8217 2
8219 1
8228 1
8229 2
8234 1
8235 1
8243 1
8246 2
8247 1
8249 1
8258 1
8259 1
8282 2
8283 2
8284 1
8289 4
8297 2
8300 1
8301 1
8304 1
8308 1
8311 1
8314 1
8324 1
8342 2
8344 1
8346 1
8349 1
8350 1
8356 1
8358 1
8359 2
8366 1
8367 1
8374 7
8383 1
8395 1
8397 1
8399 1
8404 1
8408 1
8411 1
8417 1
8420 1
8423 1
8425 1
8427 1
8438 1
8439 1
8443 10
8445 1
8447 4
8449 2
8451 1
8454 2
8458 3
8459 5
8461 1
8462 1
8465 1
8467 1
8470 6
8472 3
8475 1
8477 1
8480 2
8487 3
8488 2
8489 1
8491 2
8497 1
8509 1
8512 2
8519 1
8520 1
8521 8
8530 2
8531 1
8532 1
8546 1
8547 1
8548 1
8549 2
8550 1
8558 1
8562 1
8567 1
8570 1
8576 1
8580 1
8581 1
8583 1
8600 1
8602 1
8608 1
8611 1
8616 1
8619 1
8624 15
8626 51
8627 1
8643 1
8665 2
8666 1
8670 1
8676 4
8682 1
8693 1
8696 1
8717 2
8731 1
8749 1
8768 2
8785 1
8787 1
8790 1
8793 1
8802 1
8806 1
8814 2
8828 1
8837 2
8846 1
8859 1
8869 1
8871 1
8877 1
8882 1
8883 5
8900 1
8918 1
8926 1
8931 1
8932 1
8933 1
8935 2
8943 1
8948 1
8950 1
8952 3
8954 1
8956 1
8976 1
8991 1
8996 2
9000 1
9006 1
9017 1
9023 1
9027 1
9033 1
9036 1
9039 1
9043 1
9046 5
9062 19
9063 1
9064 1
9065 1
9071 1
9076 1
9077 1
9079 3
9083 1
9087 1
9092 1
9093 1
9096 1
9098 1
9099 1
9100 1
9107 1
9108 1
9113 3
9116 4
9122 1
9130 1
9131 1
9133 1
9135 1
9138 1
9146 1
9147 2
9149 1
9153 1
9168 1
9174 2
9184 1
9191 1
9196 1
9200 1
9204 1
9211 1
9224 1
9230 1
9236 1
9240 2
9242 1
9244 1
9248 1
9249 2
9250 1
9252 1
9254 2
9256 2
9259 1
9261 1
9263 1
9264 1
9268 6
9282 2
9284 1
9287 1
9297 1
9299 1
9307 2
9311 1
9328 1
9339 1
9344 2
9346 1
9354 1
9360 1
9365 2
9373 2
9378 1
9379 1
9383 1
9387 1
9388 1
9395 1
9396 1
9400 1
9408 2
9410 1
9417 1
9420 4
9422 1
9426 1
9427 2
9429 5
9430 1
9433 1
9434 1
9441 2
9444 1
9449 1
9454 1
9456 1
9457 1
9458 1
9460 1
9462 1
9464 2
9466 1
9468 1
9471 1
9474 1
9478 1
9488 3
9500 2
9502 3
9503 1
9506 1
9511 1
9518 1
9520 2
9522 1
9525 1
9526 1
9529 2
9540 1
9541 1
9557 2
9559 2
9562 1
9563 1
9565 2
9571 1
9580 1
9585 1
9589 1
9590 1
9596 2
9597 1
9607 1
9618 2
9624 1
9629 2
9636 1
9641 1
9643 1
9644 1
9650 2
9657 1
9658 1
9662 1
9668 2
9675 1
9678 1
9683 1
9696 1
9704 1
9710 1
9712 1
9720 1
9723 1
9730 1
9732 6
9735 1
9742 1
9744 1
9748 2
9749 1
9754 1
9755 2
9758 1
9770 1
9772 1
9774 1
9780 1
9785 1
9798 1
9800 4
9807 1
9815 1
9828 1
9830 1
9831 1
9833 1
9834 1
9835 1
9838 3
9847 1
9852 2
9866 2
9869 1
9871 1
9872 2
9877 1
9880 1
9884 3
9886 1
9894 1
9897 1
9900 1
9907 1
9908 1
9913 1
9914 1
9922 1
9924 1
9935 1
9937 1
9941 1
9952 1
9953 1
9964 1
9969 1
9973 1
9990 1
10000 1
10002 1
10003 1
10008 4
10011 1
10012 1
10013 1
10019 3
10023 1
10031 1
10046 1
10050 1
10051 1
10066 1
10077 1
10085 1
10086 1
10098 2
10120 1
10123 1
10132 2
10143 1
10146 1
10149 1
10150 1
10153 1
10161 1
10170 1
10195 1
10205 1
10216 2
10218 1
10228 1
10231 1
10236 1
10237 1
10243 1
10244 1
10252 1
10253 1
10267 1
10269 1
10271 1
10273 1
10281 1
10283 1
10287 1
10290 1
10291 1
10292 1
10296 1
10299 2
10301 1
10302 1
10305 1
10314 1
10321 1
10323 1
10328 1
10341 1
10344 1
10345 1
10346 1
10349 1
10350 1
10352 1
10356 1
10376 1
10379 1
10381 1
10382 1
10385 1
10392 1
10396 1
10407 2
10410 1
10411 1
10417 1
10425 1
10429 1
10430 1
10433 1
10437 1
10450 1
10455 1
10456 1
10463 1
10466 1
10479 1
10482 1
10483 1
10485 1
10490 1
10493 1
10497 2
10502 1
10507 1
10510 1
10512 2
10533 1
10538 1
10542 1
10543 2
10563 1
10576 1
10581 1
10583 1
10591 1
10599 1
10612 1
10613 1
10615 1
10616 1
10622 1
10623 2
10629 1
10632 1
10634 1
10638 1
10643 2
10644 1
10647 2
10654 1
10655 1
10660 2
10670 1
10676 1
10680 1
10681 1
10683 1
10685 1
10688 1
10698 1
10701 1
10703 1
10707 1
10714 1
10720 1
10722 1
10724 3
10725 1
10726 1
10729 1
10730 1
10731 2
10737 1
10746 1
10747 2
10754 1
10761 2
10767 1
10768 1
10770 2
10771 2
10777 1
10782 1
10783 1
10786 1
10793 1
10795 1
10798 1
10801 1
10803 1
10805 1
10807 1
10813 2
10823 2
10825 1
10828 3
10839 1
10842 1
10844 1
10853 2
10857 1
10860 4
10861 1
10863 1
10868 1
10873 1
10874 2
10884 1
10885 1
10894 1
10901 1
10909 2
10910 1
10919 1
10934 2
10938 1
10948 1
10951 2
10959 1
10968 1
10969 1
10976 1
10985 1
10988 1
10989 1
10994 1
11004 1
11008 3
11009 1
11012 1
11016 1
11018 1
11030 1
11037 1
11040 3
11044 1
11045 1
11047 2
11052 1
11053 1
11060 1
11062 3
11070 1
11084 1
11087 1
11090 1
11093 1
11095 2
11096 1
11113 1
11116 1
11123 1
11124 3
11127 1
11139 2
11141 1
11143 1
11144 1
11152 1
11155 1
11158 1
11170 1
11172 2
11173 1
11177 1
11184 1
11194 1
11195 2
11197 1
11216 1
11231 1
11235 1
11237 1
11238 2
11245 1
11248 1
11251 1
11252 1
11253 1
11256 1
11259 1
11264 1
11266 1
11268 1
11272 1
11277 1
11279 1
11281 2
11283 1
11284 1
11298 1
11300 1
11313 1
11328 1
11329 1
11338 1
11339 1
11341 2
11346 2
11348 3
11360 1
11363 1
11368 4
11370 1
11380 1
11382 1
11389 1
11391 1
11395 1
11396 1
11403 1
11406 1
11408 5
11423 1
11424 1
11425 1
11429 3
11431 1
11436 2
11439 1
11447 1
11449 1
11454 1
11470 8
11477 1
11481 1
11493 1
11500 1
11510 1
11511 1
11526 1
11532 1
11534 1
11544 1
11549 1
11558 2
11561 1
11563 1
11572 1
11587 1
11594 1
11597 1
11601 1
11603 1
11611 1
11619 1
11623 1
11635 1
11655 1
11677 1
11692 1
11700 1
11706 1
11735 1
11745 1
11768 1
11772 1
11773 2
11777 2
11787 1
11793 1
11799 1
11801 1
11803 1
11815 1
11816 1
11823 1
11824 1
11831 3
11853 1
11861 1
11866 1
11885 3
11888 1
11904 1
11907 1
11910 1
11915 1
11926 1
11927 1
11929 1
11938 3
11943 1
11944 1
11947 1
11956 1
11960 1
11963 1
11967 1
11969 1
11973 1
11985 1
11989 2
12000 1
12003 1
12015 1
12030 1
12039 1
12040 1
12042 1
12047 2
12048 1
12052 1
12061 2
12063 1
12090 1
12094 1
12096 1
12099 1
12106 1
12127 1
12141 1
12143 1
12149 1
12153 1
12160 1
12164 2
12167 1
12171 1
12179 1
12184 2
12185 1
12187 1
12196 1
12203 1
12208 2
12211 1
12228 1
12246 2
12249 1
12278 1
12297 1
12309 1
12311 4
12319 2
12328 1
12332 1
12339 1
12347 1
12351 1
12361 1
12363 1
12392 1
12400 1
12410 1
12412 1
12416 1
12420 2
12439 2
12441 1
12444 2
12445 1
12469 1
12470 1
12474 1
12478 1
12485 2
12494 1
12500 1
12503 1
12517 1
12528 1
12532 1
12540 1
12552 1
12553 1
12559 2
12573 1
12583 1
12592 1
12605 2
12607 1
12609 1
12621 1
12630 1
12632 1
12639 1
12655 3
12663 1
12674 2
12679 1
12683 1
12687 2
12695 1
12699 1
12705 1
12726 1
12736 1
12745 2
12750 1
12754 1
12767 1
12772 1
12775 1
12776 1
12782 1
12795 1
12802 1
12833 1
12852 1
12864 1
12885 1
12887 1
12901 1
12912 2
12914 3
12915 1
12916 2
12922 1
12923 1
12925 1
12927 1
12945 1
12946 1
12959 1
12961 1
12964 1
12974 1
12978 1
12980 1
12982 1
12983 1
12987 1
12988 1
12991 1
12992 1
13002 1
13015 1
13019 1
13023 1
13031 1
13045 1
13051 1
13057 1
13062 1
13073 1
13076 1
13082 2
13086 1
13098 2
13103 3
13111 1
13116 1
13117 4
13119 1
13121 1
13125 2
13127 1
13128 2
13132 1
13143 1
13149 1
13154 1
13155 2
13157 1
13163 2
13164 1
13165 1
13180 1
13181 1
13185 1
13195 1
13197 1
13207 1
13210 1
13217 1
13221 1
13224 1
13234 1
13236 1
13239 2
13241 2
13245 1
13248 1
13250 1
13258 1
13263 1
13264 1
13279 3
13281 1
13284 1
13285 2
13287 2
13300 2
13306 1
13321 1
13322 1
13325 1
13329 2
13332 1
13335 1
13336 1
13339 1
13353 3
13362 1
13384 1
13390 1
13391 1
13397 1
13398 1
13399 2
13400 1
13404 1
13410 2
13416 1
13418 1
13419 1
13423 2
13425 1
13427 1
13436 2
13437 2
13438 2
13441 1
13442 1
13444 1
13448 1
13449 1
13451 1
13454 1
13456 1
13460 1
13463 1
13464 2
13479 1
13481 1
13486 2
13488 1
13492 1
13499 1
13509 1
13511 1
13522 1
13524 1
13532 1
13534 1
13566 1
13576 1
13582 1
13589 1
13602 1
13604 1
13605 1
13606 1
13614 1
13630 1
13645 1
13649 1
13651 1
13666 1
13673 1
13682 1
13685 1
13687 1
13690 1
13715 1
13717 2
13730 1
13733 1
13740 1
13742 2
13747 2
13748 1
13751 1
13758 1
13759 1
13764 1
13770 1
13772 2
13773 1
13793 2
13796 1
13806 1
13813 1
13828 2
13835 1
13836 2
13843 3
13860 1
13870 1
13871 1
13880 4
13882 13
13888 3
13890 1
13914 1
13918 1
13932 1
13936 1
13940 1
13946 1
13958 1
13967 1
13971 1
13974 1
13989 1
14013 1
14015 1
14017 2
14025 1
14026 1
14028 1
14036 1
14044 1
14051 1
14052 1
14060 1
14063 1
14074 1
14075 1
14076 1
14088 1
14096 1
14103 2
14112 1
14116 1
14117 1
14119 1
14127 1
14133 1
14137 1
14143 1
14155 1
14158 1
14162 2
14172 1
14174 1
14179 1
14180 1
14182 1
14186 1
14190 1
14192 2
14200 1
14202 1
14205 1
14220 1
14221 1
14229 1
14231 1
14234 1
14240 2
14250 3
14252 1
14264 1
14266 1
14268 1
14269 1
14271 1
14274 1
14281 1
14283 1
14284 1
14297 1
14305 1
14310 1
14320 1
14321 1
14322 1
14332 1
14334 2
14336 1
14339 1
14340 1
14342 2
14344 1
14346 1
14348 1
14349 1
14350 1
14355 1
14361 1
14370 1
14375 2
14377 1
14385 1
14397 1
14408 1
14409 1
14410 1
14415 1
14419 1
14421 1
14429 1
14431 2
14432 1
14435 1
14441 2
14443 1
14447 1
14449 1
14451 1
14457 1
14460 1
14461 1
14467 3
14470 1
14474 1
14476 3
14477 1
14480 1
14484 1
14488 1
14496 1
14518 1
14531 1
14538 1
14544 1
14553 3
14558 2
14564 1
14569 1
14588 3
14595 1
14605 2
14609 10
14619 4
14632 1
14640 1
14654 1
14655 1
14665 1
14680 1
14689 1
14704 3
14723 1
14726 1
14745 1
14771 1
14782 1
14786 1
14793 1
14801 1
14811 1
14815 1
14819 2
14835 1
14846 1
14848 1
14852 1
14856 1
14864 1
14869 1
14875 1
14876 1
14878 1
14886 1
14890 1
14896 1
14897 1
14899 1
14908 1
14910 1
14912 1
14915 1
14916 1
14918 1
14919 1
14920 1
14942 1
14943 2
14956 2
14976 1
14983 1
15009 1
15014 1
15020 1
15038 1
15039 1
15042 1
15043 1
15047 1
15064 1
15070 1
15075 1
15083 1
15090 1
15091 2
15093 1
15101 1
15117 1
15144 1
15147 1
15176 1
15186 1
15224 1
15226 1
15238 1
15253 1
15264 1
15295 1
15299 1
15311 1
15316 1
15323 1
15330 1
15343 1
15348 1
15360 1
15362 1
15364 1
15381 1
15388 1
15391 1
15395 1
15405 1
15421 1
15427 1
15431 1
15433 1
15449 1
15458 1
15468 1
15475 1
15476 1
15481 1
15487 1
15495 1
15500 1
15517 1
15524 2
15530 1
15538 2
15540 1
15548 2
15549 1
15550 1
15554 1
15558 1
15564 1
15566 2
15568 1
15569 1
15575 1
15591 1
15592 1
15597 1
15602 1
15612 1
15613 1
15617 1
15640 1
15650 1
15652 1
15667 1
15669 1
15670 1
15674 1
15685 1
15688 1
15694 1
15703 1
15710 2
15722 2
15723 1
15733 1
15736 1
15765 1
15768 1
15772 1
15773 1
15791 1
15800 2
15809 1
15811 1
15813 1
15815 1
15816 1
15819 1
15820 1
15821 1
15823 1
15835 1
15844 1
15846 1
15850 1
15857 1
15864 1
15866 2
15884 1
15904 1
15917 1
15919 1
15920 1
15930 1
15935 1
15951 1
15963 1
15968 1
15971 1
15982 1
16006 1
16012 1
16018 1
16031 1
16036 1
16045 1
16050 1
16061 1
16063 1
16071 4
16090 1
16092 1
16102 1
16104 1
16106 1
16111 1
16114 1
16127 1
16129 1
16130 1
16133 1
16136 1
16138 1
16144 1
16146 1
16150 1
16152 1
16160 2
16164 2
16166 1
16168 1
16170 1
16176 1
16179 1
16187 1
16189 1
16193 1
16195 1
16196 2
16200 1
16204 2
16212 2
16216 1
16218 1
16225 1
16229 2
16236 1
16244 3
16245 1
16246 1
16248 1
16250 3
16252 10
16254 2
16269 1
16271 1
16279 1
16305 2
16308 1
16344 2
16348 1
16352 1
16354 1
16385 1
16398 1
16417 1
16421 1
16428 1
16435 1
16455 3
16456 1
16457 1
16467 1
16469 1
16470 1
16474 2
16482 1
16494 2
16495 2
16504 1
16510 1
16516 1
16523 1
16534 1
16537 1
16567 1
16592 2
16601 1
16622 1
16632 1
16646 1
16650 1
16668 1
16682 1
16698 1
16702 1
16708 1
16744 1
16756 1
16766 1
16777 1
16780 1
16791 1
16792 1
16794 1
16796 1
16808 1
16816 1
16829 1
16836 1
16847 1
16855 4
16858 1
16872 1
16885 1
16923 1
16930 1
16934 1
16938 1
16950 1
16951 2
16963 1
16971 1
16982 1
16995 1
17012 1
17015 1
17025 1
17039 1
17041 1
17044 1
17053 1
17080 1
17090 1
17094 1
17124 1
17130 1
17137 1
17154 2
17160 1
17162 1
17163 1
17173 1
17232 1
17278 1
17280 1
17311 1
17325 1
17332 2
17336 1
17354 1
17360 1
17373 1
17394 1
17402 1
17436 1
17449 1
17471 1
17472 1
17486 1
17495 1
17502 1
17515 1
17536 1
17539 1
17553 1
17563 1
17586 1
17610 1
17626 2
17640 1
17668 1
17684 1
17842 1
17909 1
17937 1
17952 1
18014 1
18025 1
18043 1
18089 2
18092 1
18122 1
18131 1
18143 1
18147 1
18175 2
18178 1
18187 1
18202 1
18220 1
18327 1
18342 1
18344 1
18367 1
18391 1
18417 1
18418 1
18560 1
18567 2
18570 1
18579 1
18668 1
18686 3
18689 1
18707 2
18710 1
18719 1
18741 1
18969 1
19004 1
19040 1
19094 1
19307 1
19394 1
19423 1
19480 1
19517 1
19527 1
19812 1
19826 1
19844 1
19905 1
19947 1
20081 2
20084 1
20128 2
20131 1
20221 1
20243 1
20255 1
20277 1
20292 1
20300 1
20332 1
20406 1
20416 1
20447 1
20508 1
20601 1
20608 1
20731 1
20764 1
20792 1
20866 1
20872 1
20896 1
20902 1
20972 1
21052 1
21085 1
21095 2
21159 1
21176 2
21178 2
21198 1
21230 1
21239 1
21286 1
21299 1
21326 1
21392 1
21490 1
21510 1
21516 1
21539 1
21604 1
21605 2
21618 2
21625 1
21634 1
21636 2
21660 1
21663 1
21698 1
21700 2
21705 1
21717 1
21723 1
21724 1
21732 1
21736 1
21760 1
21777 1
21778 1
21780 1
21805 1
21808 1
21812 1
21824 1
21826 1
21843 1
21858 1
21867 1
21900 1
21902 1
21904 1
21938 1
21944 1
21947 1
21948 1
21949 1
21957 1
21967 2
21979 1
21982 1
21988 1
21994 1
22015 1
22019 1
22033 1
22036 1
22044 1
22052 1
22055 1
22075 1
22077 1
22085 1
22100 1
22116 1
22134 1
22139 1
22140 1
22150 1
22162 1
22166 1
22175 1
22194 1
22196 1
22220 1
22227 1
22232 1
22243 1
22245 1
22247 1
22253 1
22254 1
22266 1
22267 1
22291 2
22393 1
22395 1
22398 1
22403 2
22405 2
22417 1
22432 1
22449 1
22530 1
22531 1
22532 6
22534 1
22535 4
22547 1
22555 1
22557 1
22569 6
22608 1
22611 2
22615 1
22617 1
22619 6
22637 2
22643 3
22645 4
22654 9
22658 5
22660 1
22661 3
22662 8
22663 8
22664 1
22666 14
22667 9
22668 1
22677 11
22679 8
22686 1
22687 4
22689 6
22695 5
22696 13
22699 8
22766 1
22932 1
22950 1
22951 1
22995 1
23003 1
23015 1
23055 1
23057 1
23100 1
23180 1
23209 1
23317 1
23359 2
23361 1
23483 1
23490 1
23510 1
23511 1
23533 1
23543 1
23553 2
23554 9
23567 7
23568 5
23569 18
23574 1
23577 1
23579 1
23582 1
23585 2
23586 1
23587 3
23588 1
23590 1
23594 1
23598 2
23602 1
