0 115035087
1 1515183113
2 83594351
3 12957368
4 3874249
5 1628389
6 822325
7 470812
8 293442
9 194744
10 134852
11 97992
12 73177
13 56557
14 44651
15 37048
16 30929
17 25547
18 20794
19 18054
20 15249
21 13302
22 12258
23 9958
24 8926
25 7889
26 7077
27 6293
28 5652
29 5082
30 4515
31 4173
32 3812
33 3568
34 3308
35 2987
36 2935
37 2747
38 2362
39 2276
40 1970
41 1986
42 1945
43 1726
44 1520
45 1429
46 1414
47 1315
48 1224
49 1129
50 1101
51 960
52 975
53 939
54 893
55 835
56 796
57 758
58 749
59 755
60 658
61 683
62 586
63 594
64 551
65 593
66 496
67 489
68 527
69 490
70 441
71 490
72 411
73 379
74 430
75 379
76 418
77 345
78 351
79 365
80 313
81 298
82 337
83 297
84 273
85 315
86 275
87 267
88 238
89 314
90 244
91 277
92 230
93 237
94 228
95 236
96 228
97 200
98 201
99 208
100 183
101 201
102 156
103 163
104 162
105 188
106 149
107 187
108 166
109 175
110 167
111 120
112 146
113 146
114 146
115 135
116 146
117 145
118 153
119 134
120 116
121 122
122 118
123 126
124 119
125 113
126 121
127 85
128 113
129 113
130 89
131 111
132 109
133 92
134 82
135 110
136 71
137 101
138 95
139 84
140 81
141 92
142 86
143 85
144 83
145 84
146 66
147 74
148 77
149 81
150 73
151 83
152 70
153 77
154 63
155 72
156 60
157 70
158 80
159 72
160 79
161 48
162 73
163 73
164 65
165 52
166 75
167 55
168 60
169 64
170 55
171 55
172 63
173 51
174 52
175 50
176 46
177 58
178 55
179 58
180 57
181 44
182 52
183 45
184 45
185 55
186 55
187 48
188 53
189 39
190 51
191 46
192 56
193 55
194 33
195 41
196 43
197 48
198 36
199 45
200 49
201 65
202 44
203 39
204 33
205 44
206 35
207 31
208 50
209 57
210 38
211 60
212 51
213 31
214 41
215 30
216 36
217 32
218 30
219 37
220 36
221 41
222 33
223 38
224 44
225 26
226 25
227 26
228 35
229 34
230 32
231 23
232 27
233 39
234 33
235 22
236 31
237 28
238 33
239 35
240 27
241 36
242 34
243 37
244 33
245 20
246 33
247 27
248 37
249 26
250 30
251 24
252 35
253 27
254 45
255 32
256 25
257 39
258 29
259 33
260 32
261 22
262 28
263 28
264 21
265 37
266 22
267 32
268 24
269 32
270 33
271 33
272 28
273 22
274 23
275 27
276 25
277 25
278 19
279 16
280 12
281 20
282 20
283 18
284 19
285 31
286 21
287 13
288 17
289 17
290 23
291 27
292 17
293 25
294 16
295 24
296 17
297 15
298 17
299 28
300 15
301 15
302 24
303 21
304 17
305 17
306 15
307 22
308 17
309 20
310 19
311 15
312 22
313 11
314 16
315 21
316 17
317 18
318 12
319 14
320 18
321 12
322 15
323 24
324 22
325 17
326 11
327 14
328 14
329 12
330 21
331 18
332 17
333 11
334 13
335 16
336 12
337 14
338 7
339 15
340 10
341 10
342 10
343 18
344 9
345 12
346 10
347 14
348 14
349 16
350 13
351 13
352 13
353 13
354 11
355 10
356 9
357 13
358 11
359 17
360 9
361 13
362 7
363 14
364 8
365 11
366 9
367 6
368 10
369 10
370 8
371 9
372 10
373 9
374 5
375 11
376 8
377 10
378 7
379 6
380 16
381 9
382 11
383 10
384 8
385 15
386 12
387 13
388 12
389 7
390 17
391 13
392 12
393 8
394 10
395 14
396 11
397 12
398 8
399 6
400 12
401 9
402 5
403 9
404 22
405 14
406 10
407 11
408 8
409 16
410 12
411 10
412 9
413 6
414 11
415 8
416 10
417 8
418 11
419 11
420 8
421 7
422 7
423 11
424 11
425 7
426 11
427 7
428 8
429 16
430 11
431 5
432 12
433 11
434 12
435 9
436 5
437 6
438 6
439 9
440 10
441 11
442 13
443 9
444 7
445 13
446 8
447 9
448 11
449 10
450 11
451 10
452 9
453 11
454 13
455 8
456 10
457 8
458 11
459 12
460 7
461 10
462 11
463 4
464 5
465 7
466 6
467 8
468 8
469 6
470 9
471 5
472 5
473 5
474 7
475 11
476 7
477 12
478 13
479 9
480 5
481 5
482 7
483 6
484 4
485 7
486 6
487 8
488 5
489 6
490 9
491 7
492 11
493 10
494 8
495 13
496 7
497 5
498 2
499 6
500 4
501 4
502 3
503 7
504 5
505 9
506 3
507 6
508 12
509 10
510 3
511 7
512 5
513 5
514 5
515 6
516 6
517 5
518 2
519 4
520 1
521 3
522 2
523 6
524 7
525 9
526 3
527 9
528 7
529 7
530 3
531 5
532 4
533 2
534 2
535 5
536 3
537 3
538 5
539 4
540 5
541 4
542 3
543 6
544 9
545 8
546 6
547 7
548 3
549 3
550 7
551 1
552 9
553 3
554 4
555 2
556 4
557 8
558 1
559 3
560 7
561 8
562 4
563 4
564 5
565 10
566 3
567 5
568 5
569 6
570 6
571 6
572 5
573 2
575 3
576 4
577 1
578 2
579 3
580 2
581 3
582 5
583 4
584 5
585 7
586 4
587 4
588 3
589 7
590 2
591 4
592 7
593 8
594 6
595 7
596 7
597 2
598 5
599 3
600 3
601 4
602 6
603 7
604 1
605 7
606 6
607 4
608 4
609 2
610 6
611 1
612 3
613 3
614 5
615 5
616 5
617 3
618 6
619 2
620 1
621 3
622 3
623 5
624 2
625 3
626 4
627 3
628 3
629 1
630 5
631 3
632 7
633 2
634 4
635 4
636 1
637 2
639 6
640 2
642 1
643 4
644 4
645 1
646 5
647 2
649 5
650 4
651 1
652 5
653 1
654 2
655 4
657 4
658 1
660 2
661 4
662 2
663 2
664 4
665 5
666 4
668 2
669 1
670 3
671 5
672 6
673 5
674 1
675 2
676 4
677 4
678 3
679 2
680 3
681 2
682 2
683 3
684 6
685 2
686 4
687 3
688 2
689 2
690 2
691 2
692 1
693 2
694 1
696 2
697 3
698 1
699 2
700 1
701 1
702 3
703 4
704 1
705 2
706 2
707 2
708 2
709 1
710 2
711 2
712 4
713 3
714 1
715 2
717 1
718 2
719 3
720 1
723 4
725 2
726 4
727 3
728 3
729 2
730 3
732 1
733 3
734 3
735 2
736 1
737 2
738 9
739 2
740 2
741 1
742 5
743 1
745 3
746 7
747 1
748 2
749 1
750 1
751 3
752 1
753 1
754 1
756 4
757 2
758 1
759 4
763 4
764 1
766 1
767 1
768 3
769 2
771 1
772 1
773 3
774 3
775 3
776 3
777 1
778 1
779 3
780 1
781 1
782 1
783 1
784 4
785 6
786 2
787 2
788 3
790 1
791 2
792 2
793 3
796 1
797 2
798 3
799 2
800 1
801 4
802 1
803 3
804 1
805 2
806 2
807 4
808 2
810 2
811 2
812 4
813 3
814 5
816 2
819 3
820 1
821 2
822 3
823 1
825 3
826 2
828 2
831 3
832 1
834 2
835 1
837 1
838 1
839 1
840 2
841 2
845 2
846 2
848 1
850 2
852 1
853 2
854 1
855 2
857 2
859 1
860 1
861 3
862 2
864 1
865 2
866 1
868 2
869 1
870 2
872 3
873 1
874 1
876 3
877 4
880 1
882 1
884 1
887 1
888 1
889 2
890 2
891 2
892 2
893 4
896 1
897 1
898 1
901 4
902 2
905 1
906 1
907 1
909 3
910 1
911 1
912 1
913 3
914 3
916 1
918 1
919 2
920 1
922 1
923 1
926 2
927 3
929 2
930 3
931 1
932 1
933 1
935 1
937 1
938 1
939 4
940 2
941 1
944 2
946 1
948 2
950 1
951 1
952 3
953 2
954 2
955 4
957 1
958 3
959 1
960 2
962 4
963 1
964 3
966 1
968 4
969 3
970 1
974 1
976 3
978 1
979 2
981 2
982 1
984 1
987 4
988 3
989 3
995 1
996 2
999 1
1000 3
1002 3
1003 2
1004 1
1005 2
1006 4
1007 2
1009 1
1011 2
1012 1
1013 2
1014 2
1015 1
1016 3
1017 2
1018 2
1019 2
1022 1
1024 1
1025 1
1027 2
1028 1
1030 1
1033 2
1034 1
1035 2
1036 1
1037 1
1040 1
1041 1
1042 1
1043 1
1045 1
1046 1
1047 1
1049 1
1050 1
1054 1
1055 1
1059 1
1061 1
1062 1
1063 1
1065 1
1068 1
1069 3
1071 2
1073 1
1075 2
1077 1
1079 2
1089 1
1092 1
1093 1
1094 2
1095 2
1096 1
1097 1
1098 1
1100 1
1102 1
1103 2
1104 1
1105 1
1106 1
1111 1
1113 1
1119 1
1121 2
1122 2
1123 1
1127 2
1128 1
1129 1
1131 1
1132 2
1134 2
1137 1
1142 1
1143 1
1149 1
1150 2
1152 1
1154 1
1155 1
1158 3
1162 1
1163 1
1166 1
1169 1
1170 2
1171 1
1173 1
1175 1
1179 1
1180 2
1181 1
1182 1
1183 1
1185 2
1188 1
1193 1
1197 1
1200 1
1204 1
1206 1
1208 1
1210 1
1211 2
1215 2
1216 2
1217 1
1219 1
1221 3
1223 2
1225 1
1229 1
1231 2
1236 1
1241 1
1245 3
1246 2
1247 1
1249 1
1250 1
1251 2
1252 1
1253 2
1254 1
1257 1
1259 1
1264 2
1265 1
1271 1
1276 2
1277 1
1284 1
1288 1
1292 1
1296 1
1297 1
1299 1
1301 1
1302 1
1304 1
1307 1
1308 1
1311 1
1313 1
1314 1
1318 1
1326 1
1332 2
1335 1
1336 2
1338 1
1341 1
1342 1
1345 1
1346 1
1348 1
1353 1
1363 2
1366 1
1377 1
1379 1
1380 3
1381 2
1382 2
1384 1
1385 1
1386 1
1388 2
1393 1
1395 1
1396 1
1398 1
1399 1
1401 1
1402 1
1412 2
1413 1
1417 1
1418 1
1421 1
1424 1
1429 1
1431 2
1436 1
1438 1
1442 1
1449 1
1459 2
1461 1
1465 1
1466 1
1468 1
1469 1
1471 2
1472 1
1473 1
1484 1
1486 1
1493 1
1499 1
1501 1
1502 3
1504 1
1508 1
1514 1
1515 1
1521 1
1524 1
1525 1
1530 1
1531 1
1533 1
1534 1
1537 1
1542 1
1543 1
1545 1
1549 1
1551 1
1553 1
1554 1
1559 1
1560 1
1561 2
1562 1
1564 1
1568 1
1572 2
1575 1
1576 1
1577 1
1583 1
1584 1
1587 1
1590 2
1591 1
1593 1
1594 1
1596 1
1599 1
1603 1
1604 1
1607 1
1613 2
1616 1
1623 1
1625 1
1626 1
1628 1
1629 1
1630 1
1631 1
1643 1
1646 1
1649 1
1656 1
1657 2
1664 1
1666 1
1667 2
1670 2
1671 1
1674 1
1676 1
1683 1
1686 1
1690 1
1691 3
1694 1
1700 1
1702 1
1708 1
1715 1
1717 1
1718 1
1732 1
1734 1
1735 1
1737 1
1739 1
1741 1
1742 1
1747 1
1754 1
1755 1
1759 1
1760 1
1766 1
1773 1
1782 1
1792 2
1799 1
1801 1
1809 1
1816 1
1817 2
1826 1
1827 1
1832 1
1833 1
1843 1
1859 1
1863 1
1865 1
1867 1
1871 2
1885 1
1887 1
1889 2
1891 1
1895 1
1899 1
1911 1
1912 1
1917 1
1921 1
1924 1
1930 2
1934 1
1945 1
1954 1
1968 1
1982 1
1994 1
1996 1
1997 1
2000 3
2012 1
2022 1
2024 1
2027 1
2029 1
2032 1
2035 1
2037 1
2055 1
2060 1
2071 1
2075 1
2077 1
2080 1
2088 1
2091 1
2112 1
2116 2
2133 1
2146 1
2148 1
2156 1
2157 1
2158 2
2166 1
2171 1
2174 1
2189 1
2196 1
2200 2
2205 1
2206 1
2222 1
2225 2
2227 1
2232 1
2237 1
2247 1
2254 1
2264 1
2265 1
2271 1
2280 1
2281 1
2289 1
2295 1
2296 1
2298 1
2307 1
2311 1
2314 1
2327 1
2328 1
2340 1
2343 1
2349 1
2351 1
2352 1
2365 1
2370 1
2375 1
2378 1
2385 1
2387 1
2392 1
2393 1
2420 1
2428 1
2430 1
2437 1
2443 1
2447 1
2457 1
2461 1
2465 1
2466 1
2471 1
2479 1
2480 1
2505 1
2512 2
2519 1
2547 1
2558 1
2559 1
2575 1
2587 1
2592 1
2606 1
2612 1
2614 1
2639 1
2643 1
2682 1
2695 1
2737 2
2749 1
2754 1
2756 1
2780 1
2783 1
2796 1
2797 1
2799 1
2800 2
2801 1
2806 1
2812 1
2819 1
2827 1
2852 2
2867 1
2882 1
2890 1
2906 1
2925 1
2928 1
2936 1
2941 1
2945 1
2956 1
2971 1
3000 1
3011 1
3040 1
3043 2
3046 1
3050 1
3075 1
3081 1
3082 1
3083 1
3103 1
3106 1
3118 1
3120 1
3135 1
3142 1
3145 2
3187 1
3196 1
3209 1
3219 1
3245 1
3248 1
3255 1
3288 2
3311 1
3313 1
3338 1
3339 1
3350 1
3359 1
3370 2
3373 1
3388 1
3392 1
3394 1
3405 1
3419 1
3432 1
3433 1
3452 1
3457 1
3462 1
3463 1
3476 1
3487 1
3508 2
3535 1
3539 1
3557 1
3623 1
3631 1
3640 1
3644 1
3654 1
3655 1
3670 1
3676 1
3682 1
3710 1
3720 1
3774 1
3781 1
3823 1
3826 1
3839 1
3851 1
3859 1
3885 1
3900 1
3947 1
3994 1
4016 1
4025 1
4087 1
4091 1
4095 1
4106 1
4109 1
4141 1
4148 1
4186 1
4283 1
4343 1
4400 1
4453 1
4528 1
4627 1
4641 1
4650 1
4674 1
4730 1
4752 1
4757 1
4765 1
4771 1
4804 1
4847 1
4851 1
4860 1
4902 1
5000 1
5001 1
5016 1
5018 1
5084 1
5166 1
5201 1
5224 1
5272 1
5328 1
5330 1
5485 1
5514 1
5529 1
5579 1
5614 1
5642 1
5693 1
5719 1
5720 1
5763 1
5872 1
5973 1
6001 1
6099 1
6164 1
6233 1
6342 1
6344 1
6347 1
6358 1
6382 1
6473 1
6492 1
6556 1
6567 1
6572 1
6610 1
6611 1
6631 1
6641 1
6645 1
6669 1
6683 1
6689 1
6690 1
6704 1
6714 1
6719 1
6728 1
6731 1
6748 1
6788 1
6798 1
6815 1
6858 1
6875 1
7194 1
7808 1
7824 1
7862 1
8017 1
8179 1
8377 1
8750 1
9524 1
9710 1
9735 1
9741 1
9771 1
9892 1
10000 1
10096 1
10384 1
10515 1
10718 1
10817 1
10913 1
11285 1
11368 1
11823 1
12041 1
12558 1
12672 1
13059 1
13086 1
13135 1
13166 1
14234 1
16653 1
17834 1
20001 1
23234 1
23285 1
25961 1
29677 1
30000 1
30001 1
32756 1
43190 1
46503 1
73642 1
100000 1
109414 1
198949 1
317172 1
691885 1
