0 1724957252
1 9330168
2 264805
3 63690
4 37165
5 20197
6 18595
7 10118
8 8907
9 6565
10 5421
11 4085
12 3795
13 3015
14 2794
15 2260
16 1914
17 1653
18 1728
19 1506
20 1366
21 1160
22 1116
23 947
24 897
25 898
26 804
27 780
28 664
29 684
30 731
31 615
32 442
33 543
34 487
35 380
36 422
37 390
38 373
39 427
40 389
41 323
42 393
43 221
44 328
45 261
46 248
47 203
48 236
49 183
50 182
51 194
52 189
53 156
54 169
55 350
56 120
57 193
58 220
59 205
60 133
61 147
62 146
63 199
64 160
65 207
66 164
67 112
68 206
69 106
70 135
71 78
72 61
73 130
74 82
75 163
76 113
77 84
78 86
79 65
80 150
81 88
82 101
83 72
84 67
85 73
86 61
87 68
88 180
89 46
90 40
91 136
92 59
93 97
94 57
95 45
96 47
97 45
98 47
99 72
100 87
101 42
102 43
103 42
104 56
105 41
106 57
107 29
108 31
109 76
110 41
111 27
112 86
113 34
114 63
115 87
116 41
117 53
118 30
119 19
120 36
121 25
122 29
123 17
124 65
125 21
126 37
127 23
128 12
129 29
130 17
131 19
132 13
133 15
134 9
135 25
136 20
137 17
138 12
139 24
140 15
141 14
142 20
143 29
144 15
145 20
146 10
147 28
148 11
149 10
150 7
151 11
152 14
153 26
154 8
155 12
156 17
157 22
158 13
159 17
160 10
161 92
162 13
163 25
164 10
165 11
166 32
167 17
168 21
169 16
170 22
171 20
172 7
173 14
174 8
175 9
176 16
177 9
178 10
179 4
180 28
181 8
182 11
183 4
184 5
185 10
186 7
187 9
188 13
189 9
190 3
191 8
192 15
193 7
194 15
195 21
196 7
197 11
198 4
199 6
200 11
201 9
202 8
203 2
204 80
205 19
206 8
207 3
208 1
209 1
210 9
211 8
212 6
213 5
214 5
215 8
216 10
217 9
218 6
219 7
220 2
221 6
222 6
223 4
224 10
225 2
226 3
227 2
228 4
229 7
230 5
231 10
232 10
233 21
234 8
235 10
236 7
237 7
238 3
239 12
240 5
241 6
242 8
243 9
244 25
245 18
246 12
247 2
248 6
249 3
250 2
251 13
252 8
253 13
254 3
255 6
256 2
257 11
258 6
259 5
260 6
261 6
262 2
263 8
264 2
265 8
266 3
267 4
268 3
269 1
270 2
271 3
273 2
274 8
275 4
276 6
277 3
278 1
279 3
280 1
281 5
282 6
283 4
284 3
285 8
286 3
287 5
288 3
289 1
290 3
291 1
292 3
293 2
294 4
295 9
296 2
297 3
298 7
299 3
300 10
301 8
302 15
303 6
304 8
305 6
306 1
307 2
308 2
309 1
310 3
311 3
312 5
313 13
314 2
315 1
316 1
317 2
318 3
319 2
320 4
321 4
323 3
324 4
325 3
326 3
327 1
328 1
329 1
330 3
331 2
332 2
333 4
334 2
335 2
336 7
337 3
338 2
339 4
341 5
343 2
344 5
345 2
346 1
347 1
348 2
349 11
350 4
351 6
352 5
353 3
354 2
355 1
356 8
357 1
358 3
359 2
361 3
362 3
363 4
364 1
365 1
366 3
368 1
369 1
370 5
371 2
372 3
373 1
374 2
375 1
376 1
377 2
378 2
379 2
380 3
381 1
383 5
384 3
385 3
386 1
387 3
388 6
389 1
390 1
391 2
392 4
393 3
394 3
395 18
397 1
398 2
399 3
400 1
401 5
402 2
403 2
404 3
406 1
407 2
409 1
410 4
413 1
417 1
419 1
420 4
421 1
422 2
423 3
426 4
428 2
429 1
430 7
432 6
433 4
434 1
435 1
436 1
437 2
438 2
439 3
441 2
442 3
443 2
444 2
445 1
446 1
447 3
449 3
450 7
451 1
452 1
453 4
454 5
455 1
457 3
459 3
460 1
461 3
464 2
465 1
466 1
467 2
468 4
469 3
470 2
471 7
472 1
473 2
474 4
475 2
477 3
478 2
479 2
480 2
483 1
484 2
485 2
486 5
487 4
489 3
490 9
492 3
493 1
494 4
495 1
498 2
499 2
501 2
502 3
504 2
505 3
507 1
509 1
511 5
512 2
513 4
514 3
515 2
516 5
517 3
518 2
521 3
522 1
523 1
524 2
525 7
526 1
527 8
528 2
529 2
530 5
531 2
533 2
534 2
536 1
540 1
541 1
542 16
543 3
544 10
545 4
546 4
547 1
548 2
549 1
551 1
554 2
555 1
556 1
558 5
559 1
560 2
561 4
562 3
563 6
564 5
565 2
566 3
569 2
570 1
571 1
572 2
573 1
574 1
576 1
577 1
578 3
579 2
580 2
581 1
582 3
584 1
589 1
591 6
592 1
594 1
595 5
598 5
599 1
600 2
602 1
604 1
605 1
608 1
610 1
611 1
614 2
615 2
616 14
617 4
618 2
621 1
622 1
623 3
624 1
625 9
626 3
627 1
629 1
630 1
631 2
632 1
633 1
634 1
639 2
642 1
643 1
644 2
645 3
646 10
647 2
648 1
651 2
652 5
653 1
656 2
660 1
662 1
663 2
669 1
672 1
674 2
675 1
676 1
678 1
679 1
682 2
685 1
687 1
696 2
698 2
699 2
702 1
703 2
704 1
705 1
706 4
707 5
708 1
710 1
711 2
718 1
719 1
720 1
721 1
724 1
725 1
732 1
735 1
736 11
741 2
742 1
743 1
744 1
745 1
747 2
748 1
749 1
751 1
752 1
757 1
762 1
763 3
769 1
773 1
782 4
783 1
785 1
787 1
791 1
792 2
793 1
794 1
799 2
801 1
803 1
804 1
814 1
815 1
817 1
818 1
822 4
823 1
824 1
825 2
832 1
835 2
838 1
839 2
845 1
847 1
849 1
850 3
854 1
859 1
860 1
861 1
865 1
868 1
869 1
870 4
873 2
876 1
880 1
881 1
882 1
884 3
885 1
890 2
892 2
893 1
894 4
895 1
896 3
898 2
899 2
900 1
901 1
902 1
904 4
905 2
908 1
909 2
910 1
912 2
913 1
914 2
918 1
919 1
921 1
922 1
924 1
926 2
931 1
932 1
935 3
936 1
937 2
938 2
940 1
941 1
947 2
949 2
950 1
954 1
955 1
958 9
959 2
960 2
961 1
962 1
964 1
966 1
967 1
969 1
974 3
979 1
981 1
984 1
985 1
991 1
993 6
994 2
995 1
998 2
999 1
1010 1
1011 2
1012 4
1013 1
1015 1
1020 1
1023 1
1024 1
1029 1
1035 2
1036 2
1037 8
1038 6
1039 7
1040 16
1041 4
1042 1
1043 1
1044 1
1046 1
1055 1
1056 1
1058 1
1062 1
1074 1
1076 1
1078 4
1084 1
1088 1
1091 2
1095 9
1097 2
1102 6
1106 1
1109 1
1121 1
1122 1
1128 1
1143 2
1151 1
1152 1
1154 1
1167 1
1178 1
1189 1
1191 1
1195 1
1197 3
1203 1
1204 1
1205 1
1207 1
1222 1
1231 1
1233 1
1234 2
1235 1
1237 2
1238 3
1239 1
1240 7
1241 2
1242 2
1243 1
1246 1
1252 3
1254 11
1256 1
1258 7
1282 1
1290 1
1298 1
1300 1
1305 5
1310 2
1313 3
1314 1
1321 1
1322 1
1329 1
1333 1
1334 1
1335 2
1344 1
1345 3
1350 1
1357 1
1360 1
1363 1
1364 3
1365 1
1369 2
1370 6
1371 17
1372 1
1373 1
1381 1
1383 2
1384 2
1391 1
1393 2
1394 1
1395 1
1397 1
1399 1
1401 1
1403 1
1407 3
1410 1
1413 1
1414 3
1415 1
1416 5
1417 1
1418 5
1419 2
1420 3
1421 3
1422 9
1423 9
1424 4
1425 9
1426 5
1427 1
1428 6
1430 1
1431 1
1434 1
1439 1
1445 1
1448 1
1454 1
1456 1
1464 1
1465 1
1466 3
1467 14
1468 5
1470 3
1471 3
1472 2
1473 2
1474 1
1479 1
1497 1
1507 1
1509 1
1513 1
1531 2
1532 1
1545 1
1546 1
1595 1
1601 1
1632 1
1646 1
1662 1
1682 1
1724 1
1729 1
1736 1
1738 1
1746 4
1747 2
1762 1
1764 1
1789 1
1791 1
1823 1
1826 1
1869 2
1880 1
1890 1
1907 1
1918 1
1921 1
1936 1
1998 1
2002 1
2008 1
2009 1
2055 1
2102 1
2153 1
2160 1
2164 1
2183 1
2208 1
2210 1
2257 1
2261 1
2262 1
2280 1
2281 1
2291 1
2292 1
2305 1
2321 1
2333 1
2336 1
2407 1
2429 1
2432 1
2435 1
2452 1
2462 1
2463 1
2465 4
2564 1
2576 1
2589 2
2590 2
2624 1
2635 1
2637 1
2654 1
2666 1
2677 6
2681 2
2682 1
2692 1
2749 1
2796 2
2859 1
2893 1
2920 1
2939 1
2957 1
2967 1
3003 1
3031 1
3032 1
3133 1
3211 1
3282 1
3285 1
3287 1
3303 2
3376 1
3391 1
3461 1
3462 1
3485 1
3488 1
3491 1
3494 1
3495 1
3497 1
3518 1
3527 1
3548 1
3558 1
3581 1
3586 1
3589 1
3600 1
3603 1
3606 1
3610 1
3613 2
3614 1
3615 1
3617 11
3618 12
3619 1
3620 1
4253 1
4341 1
4522 1
4732 1
4734 2
4799 1
4978 1
4980 1
4981 1
4983 1
4987 1
4988 9
4989 3
4990 1
5041 3
5086 1
5431 1
5533 1
6402 1
6412 6
6413 2
6437 1
6456 1
6457 1
6459 1
6466 1
6711 1
7073 1
7193 2
7247 1
7451 1
7582 1
7692 1
7879 2
8159 1
8171 1
8281 1
8404 1
8435 1
8451 1
8472 1
8877 1
8936 1
9000 1
9122 1
9277 1
9290 1
9292 1
9509 1
9511 1
10218 1
11115 1
11591 1
12382 1
