0 110549487
1 2193556
2 1138798
3 777323
4 576333
5 471099
6 386055
7 337004
8 292588
9 251341
10 243643
11 200939
12 179025
13 170864
14 156706
15 159820
16 134719
17 131256
18 132133
19 111563
20 100744
21 98730
22 87382
23 84107
24 77643
25 73851
26 73695
27 68231
28 72591
29 66012
30 56821
31 57399
32 50229
33 46600
34 45196
35 50058
36 48758
37 40011
38 41755
39 37371
40 38648
41 37127
42 36173
43 34081
44 31418
45 29448
46 31588
47 30042
48 30430
49 34924
50 25658
51 26283
52 22614
53 26426
54 24190
55 22129
56 21393
57 22728
58 18851
59 17490
60 20272
61 18550
62 18266
63 18489
64 17603
65 18848
66 18261
67 16730
68 16525
69 16973
70 16204
71 16826
72 15503
73 14222
74 13617
75 20347
76 11931
77 12718
78 11047
79 10963
80 17573
81 14509
82 10686
83 10821
84 9956
85 9806
86 10958
87 9456
88 8794
89 9451
90 8973
91 10167
92 8346
93 8889
94 8893
95 7560
96 8269
97 10227
98 7584
99 8180
100 10428
101 7296
102 7549
103 6993
104 7280
105 7519
106 6450
107 6111
108 6940
109 12199
110 5866
111 5659
112 5085
113 5504
114 5382
115 5139
116 4998
117 7743
118 5426
119 4998
120 5236
121 5545
122 5008
123 5085
124 5022
125 5530
126 4002
127 3952
128 4701
129 4428
130 4489
131 4416
132 4063
133 5716
134 3851
135 4147
136 5583
137 4818
138 4611
139 4044
140 5109
141 5465
142 4910
143 4091
144 3605
145 3868
146 3672
147 4240
148 3667
149 2991
150 3220
151 3085
152 3065
153 3467
154 3560
155 3811
156 3271
157 3367
158 2963
159 2923
160 2684
161 3264
162 3051
163 10378
164 3153
165 5290
166 2847
167 2860
168 2640
169 2164
170 2670
171 2430
172 2754
173 2262
174 2608
175 2767
176 2337
177 1709
178 1698
179 2401
180 1804
181 2401
182 1755
183 2621
184 1878
185 1885
186 1919
187 1897
188 1827
189 2124
190 1601
191 2881
192 1862
193 1810
194 1750
195 1905
196 1922
197 1945
198 1607
199 2380
200 2018
201 2627
202 1766
203 1628
204 1371
205 1837
206 1657
207 1689
208 1900
209 1576
210 1846
211 1575
212 2311
213 1659
214 1935
215 1722
216 1459
217 1934
218 1915
219 2541
220 1849
221 1638
222 1844
223 1347
224 1098
225 1528
226 1324
227 1675
228 2143
229 1554
230 1655
231 1617
232 1898
233 1297
234 1419
235 1546
236 1571
237 1719
238 1697
239 1281
240 1385
241 1184
242 1556
243 1149
244 1301
245 1240
246 1270
247 1429
248 1210
249 1327
250 798
251 1253
252 826
253 1026
254 1452
255 1184
256 1272
257 1060
258 963
259 889
260 1174
261 1184
262 862
263 994
264 849
265 907
266 744
267 960
268 792
269 1061
270 766
271 1422
272 977
273 1244
274 904
275 649
276 913
277 563
278 945
279 921
280 826
281 847
282 623
283 615
284 905
285 494
286 697
287 476
288 773
289 567
290 656
291 1107
292 625
293 694
294 644
295 662
296 864
297 919
298 667
299 704
300 529
301 710
302 943
303 728
304 694
305 464
306 487
307 619
308 564
309 690
310 632
311 547
312 717
313 509
314 576
315 493
316 486
317 559
318 487
319 443
320 720
321 621
322 696
323 623
324 492
325 576
326 472
327 514
328 623
329 627
330 752
331 488
332 571
333 512
334 563
335 555
336 2032
337 681
338 523
339 638
340 428
341 573
342 587
343 441
344 444
345 585
346 485
347 410
348 468
349 533
350 494
351 438
352 478
353 477
354 486
355 385
356 380
357 278
358 489
359 498
360 506
361 468
362 516
363 462
364 398
365 537
366 435
367 660
368 601
369 500
370 379
371 652
372 588
373 536
374 392
375 348
376 444
377 524
378 388
379 710
380 764
381 434
382 1137
383 441
384 488
385 452
386 414
387 738
388 953
389 353
390 453
391 646
392 483
393 591
394 491
395 516
396 600
397 378
398 554
399 439
400 499
401 595
402 564
403 412
404 629
405 356
406 428
407 489
408 532
409 388
410 473
411 414
412 629
413 293
414 463
415 714
416 465
417 475
418 846
419 494
420 439
421 525
422 409
423 544
424 454
425 437
426 321
427 381
428 956
429 359
430 627
431 534
432 431
433 550
434 550
435 505
436 332
437 402
438 631
439 385
440 487
441 402
442 457
443 267
444 310
445 395
446 337
447 1227
448 323
449 356
450 1234
451 405
452 383
453 523
454 351
455 458
456 530
457 367
458 349
459 404
460 269
461 382
462 271
463 417
464 481
465 458
466 254
467 339
468 297
469 543
470 309
471 360
472 279
473 306
474 273
475 230
476 205
477 584
478 243
479 511
480 332
481 406
482 740
483 537
484 448
485 337
486 553
487 323
488 429
489 498
490 333
491 245
492 330
493 386
494 295
495 298
496 463
497 344
498 834
499 618
500 501
501 616
502 597
503 349
504 394
505 512
506 331
507 454
508 236
509 336
510 295
511 359
512 359
513 343
514 381
515 421
516 206
517 361
518 273
519 351
520 392
521 321
522 453
523 323
524 368
525 338
526 307
527 239
528 272
529 216
530 248
531 216
532 367
533 406
534 250
535 212
536 204
537 305
538 323
539 271
540 303
541 236
542 239
543 283
544 285
545 163
546 221
547 181
548 196
549 143
550 349
551 244
552 249
553 221
554 322
555 163
556 200
557 183
558 201
559 179
560 174
561 138
562 194
563 166
564 212
565 103
566 139
567 210
568 173
569 174
570 141
571 232
572 124
573 116
574 201
575 193
576 187
577 162
578 191
579 239
580 213
581 158
582 152
583 140
584 200
585 115
586 154
587 164
588 106
589 282
590 172
591 122
592 270
593 165
594 151
595 170
596 327
597 159
598 134
599 171
600 175
601 232
602 148
603 212
604 234
605 153
606 159
607 250
608 167
609 123
610 356
611 214
612 180
613 115
614 219
615 140
616 155
617 235
618 137
619 149
620 151
621 173
622 114
623 215
624 201
625 147
626 152
627 187
628 184
629 238
630 129
631 290
632 449
633 127
634 144
635 105
636 136
637 167
638 143
639 192
640 102
641 563
642 141
643 113
644 248
645 135
646 165
647 82
648 129
649 159
650 175
651 200
652 194
653 162
654 93
655 151
656 258
657 94
658 172
659 152
660 222
661 125
662 189
663 183
664 113
665 119
666 172
667 141
668 109
669 103
670 119
671 191
672 169
673 103
674 148
675 152
676 146
677 135
678 100
679 189
680 1001
681 108
682 274
683 138
684 134
685 198
686 182
687 148
688 137
689 115
690 194
691 178
692 145
693 141
694 139
695 96
696 126
697 89
698 142
699 99
700 186
701 155
702 73
703 108
704 117
705 202
706 150
707 211
708 128
709 164
710 126
711 241
712 153
713 138
714 113
715 154
716 165
717 68
718 101
719 1403
720 65
721 178
722 111
723 67
724 123
725 74
726 134
727 67
728 83
729 112
730 75
731 107
732 49
733 60
734 110
735 115
736 103
737 77
738 57
739 145
740 83
741 100
742 60
743 142
744 106
745 81
746 121
747 192
748 92
749 96
750 132
751 112
752 90
753 101
754 164
755 115
756 86
757 86
758 148
759 100
760 103
761 156
762 68
763 59
764 168
765 43
766 71
767 137
768 108
769 58
770 75
771 61
772 96
773 101
774 83
775 75
776 103
777 94
778 67
779 141
780 76
781 100
782 106
783 62
784 68
785 100
786 41
787 114
788 61
789 56
790 87
791 57
792 59
793 86
794 112
795 118
796 80
797 110
798 80
799 131
800 55
801 100
802 102
803 89
804 40
805 166
806 67
807 137
808 61
809 123
810 70
811 215
812 61
813 287
814 157
815 74
816 44
817 102
818 80
819 73
820 67
821 118
822 59
823 182
824 161
825 67
826 64
827 93
828 65
829 82
830 116
831 44
832 88
833 125
834 61
835 48
836 58
837 113
838 70
839 55
840 67
841 62
842 35
843 118
844 45
845 60
846 93
847 59
848 63
849 48
850 78
851 92
852 57
853 87
854 99
855 80
856 90
857 78
858 73
859 53
860 109
861 63
862 51
863 477
864 40
865 82
866 94
867 33
868 27
869 81
870 67
871 61
872 111
873 26
874 30
875 126
876 49
877 85
878 44
879 94
880 54
881 84
882 46
883 88
884 38
885 68
886 39
887 51
888 103
889 55
890 34
891 70
892 44
893 39
894 152
895 33
896 67
897 43
898 66
899 82
900 33
901 37
902 50
903 47
904 43
905 79
906 69
907 73
908 88
909 40
910 99
911 89
912 43
913 71
914 43
915 69
916 49
917 56
918 47
919 81
920 48
921 52
922 71
923 65
924 46
925 71
926 53
927 43
928 60
929 35
930 58
931 49
932 49
933 103
934 49
935 72
936 32
937 49
938 56
939 66
940 55
941 84
942 54
943 95
944 57
945 85
946 37
947 48
948 73
949 42
950 45
951 55
952 71
953 83
954 68
955 78
956 54
957 52
958 83
959 96
960 51
961 51
962 34
963 37
964 32
965 52
966 35
967 36
968 29
969 36
970 78
971 16
972 27
973 43
974 30
975 41
976 21
977 29
978 20
979 22
980 14
981 59
982 38
983 47
984 33
985 100
986 23
987 21
988 29
989 39
990 27
991 51
992 16
993 30
994 109
995 24
996 22
997 62
998 21
999 47
1000 32
1001 29
1002 27
1003 39
1004 32
1005 21
1006 20
1007 22
1008 38
1009 28
1010 20
1011 25
1012 29
1013 30
1014 18
1015 40
1016 31
1017 66
1018 17
1019 35
1020 61
1021 25
1022 26
1023 25
1024 39
1025 32
1026 33
1027 16
1028 52
1029 26
1030 29
1031 32
1032 13
1033 44
1034 36
1035 87
1036 238
1037 36
1038 24
1039 28
1040 27
1041 24
1042 22
1043 37
1044 32
1045 32
1046 19
1047 39
1048 30
1049 33
1050 32
1051 13
1052 19
1053 21
1054 58
1055 60
1056 35
1057 10
1058 21
1059 19
1060 50
1061 22
1062 26
1063 17
1064 41
1065 28
1066 34
1067 22
1068 16
1069 37
1070 28
1071 23
1072 15
1073 22
1074 22
1075 34
1076 36
1077 34
1078 31
1079 27
1080 61
1081 20
1082 18
1083 26
1084 33
1085 21
1086 30
1087 44
1088 39
1089 86
1090 32
1091 34
1092 26
1093 24
1094 29
1095 26
1096 22
1097 56
1098 12
1099 28
1100 26
1101 38
1102 17
1103 21
1104 18
1105 14
1106 19
1107 29
1108 26
1109 15
1110 19
1111 21
1112 16
1113 24
1114 30
1115 20
1116 22
1117 25
1118 23
1119 14
1120 44
1121 21
1122 26
1123 35
1124 663
1125 27
1126 18
1127 26
1128 64
1129 37
1130 60
1131 21
1132 21
1133 17
1134 7
1135 21
1136 17
1137 26
1138 18
1139 18
1140 15
1141 771
1142 20
1143 22
1144 24
1145 10
1146 23
1147 29
1148 15
1149 13
1150 30
1151 20
1152 19
1153 23
1154 21
1155 19
1156 16
1157 16
1158 31
1159 17
1160 29
1161 22
1162 7
1163 15
1164 19
1165 12
1166 28
1167 13
1168 14
1169 8
1170 33
1171 21
1172 36
1173 31
1174 22
1175 20
1176 6
1177 12
1178 21
1179 16
1180 23
1181 26
1182 17
1183 26
1184 15
1185 28
1186 19
1187 10
1188 28
1189 6
1190 34
1191 18
1192 25
1193 10
1194 15
1195 15
1196 34
1197 18
1198 4
1199 22
1200 19
1201 14
1202 18
1203 27
1204 13
1205 13
1206 13
1207 8
1208 19
1209 22
1210 11
1211 22
1212 13
1213 18
1214 11
1215 6
1216 13
1217 10
1218 46
1219 13
1220 25
1221 16
1222 31
1223 22
1224 16
1225 7
1226 8
1227 21
1228 17
1229 18
1230 28
1231 11
1232 9
1233 10
1234 22
1235 14
1236 16
1237 22
1238 27
1239 10
1240 6
1241 15
1242 27
1243 11
1244 11
1245 27
1246 9
1247 11
1248 12
1249 34
1250 67
1251 17
1252 11
1253 21
1254 7
1255 6
1256 11
1257 31
1258 8
1259 17
1260 24
1261 13
1262 19
1263 25
1264 16
1265 8
1266 11
1267 9
1268 30
1269 26
1270 25
1271 14
1272 13
1273 26
1274 16
1275 27
1276 27
1277 9
1278 19
1279 18
1280 25
1281 13
1282 10
1283 25
1284 16
1285 8
1286 11
1287 4
1288 13
1289 18
1290 31
1291 13
1292 18
1293 17
1294 12
1295 11
1296 15
1297 36
1298 34
1299 9
1300 21
1301 9
1302 35
1303 14
1304 13
1305 13
1306 54
1307 9
1308 19
1309 25
1310 21
1311 16
1312 11
1313 11
1314 22
1315 30
1316 11
1317 12
1318 14
1319 11
1320 13
1321 9
1322 12
1323 8
1324 10
1325 8
1326 9
1327 415
1328 22
1329 14
1330 14
1331 16
1332 6
1333 28
1334 13
1335 23
1336 3
1337 8
1338 18
1339 25
1340 13
1341 16
1342 10
1343 22
1344 14
1345 24
1346 42
1347 13
1348 18
1349 12
1350 10
1351 7
1352 24
1353 29
1354 4
1355 29
1356 13
1357 21
1358 15
1359 6
1360 15
1361 12
1362 11
1363 26
1364 7
1365 37
1366 13
1367 13
1368 33
1369 33
1370 112
1371 9
1372 11
1373 32
1374 56
1375 44
1376 11
1377 10
1378 11
1379 30
1380 12
1381 15
1382 15
1383 15
1384 17
1385 15
1386 6
1387 4
1388 12
1389 13
1390 15
1391 205
1392 19
1393 19
1394 16
1395 14
1396 17
1397 11
1398 14
1399 27
1400 14
1401 34
1402 7
1403 16
1404 21
1405 15
1406 9
1407 12
1408 30
1409 12
1410 11
1411 11
1412 6
1413 24
1414 23
1415 17
1416 11
1417 10
1418 11
1419 21
1420 20
1421 10
1422 10
1423 17
1424 16
1425 14
1426 11
1427 19
1428 11
1429 34
1430 8
1431 7
1432 27
1433 12
1434 36
1435 11
1436 7
1437 16
1438 33
1439 6
1440 9
1441 8
1442 19
1443 12
1444 25
1445 21
1446 21
1447 12
1448 15
1449 11
1450 21
1451 6
1452 5
1453 31
1454 11
1455 14
1456 13
1457 14
1458 14
1459 8
1460 17
1461 28
1462 18
1463 16
1464 25
1465 11
1466 6
1467 23
1468 21
1469 20
1470 27
1471 25
1472 23
1473 14
1474 9
1475 15
1476 13
1477 33
1478 12
1479 57
1480 22
1481 30
1482 12
1483 12
1484 45
1485 8
1486 14
1487 15
1488 17
1489 25
1490 21
1491 8
1492 11
1493 27
1494 10
1495 11
1496 9
1497 18
1498 7
1499 10
1500 21
1501 22
1502 11
1503 19
1504 6
1505 6
1506 26
1507 16
1508 21
1509 14
1510 3
1511 21
1512 18
1513 10
1514 15
1515 16
1516 6
1517 10
1518 4
1519 8
1520 23
1521 9
1522 14
1523 17
1524 12
1525 12
1526 7
1527 16
1528 8
1529 12
1530 19
1531 17
1532 5
1533 18
1534 11
1535 5
1536 10
1537 13
1538 10
1539 1
1540 13
1541 11
1542 10
1543 10
1544 24
1545 10
1546 18
1547 16
1548 4
1549 12
1550 17
1551 24
1552 15
1553 12
1554 10
1555 5
1556 16
1557 25
1558 14
1559 9
1560 18
1561 3
1562 9
1563 11
1564 15
1565 11
1566 61
1567 16
1568 15
1569 3
1570 17
1571 21
1572 25
1573 6
1574 14
1575 13
1576 29
1577 7
1578 7
1579 12
1580 16
1581 14
1582 5
1583 19
1584 22
1585 15
1586 44
1587 2
1588 8
1589 11
1590 5
1591 10
1592 21
1593 8
1594 9
1595 10
1596 19
1597 14
1598 1
1599 4
1600 23
1601 5
1602 3
1603 9
1604 13
1605 16
1606 6
1607 14
1608 5
1609 12
1610 20
1611 5
1612 25
1613 10
1614 16
1615 18
1616 7
1617 32
1618 7
1619 5
1620 14
1621 17
1622 7
1623 4
1624 5
1625 18
1626 6
1627 4
1628 16
1629 8
1631 26
1632 22
1633 14
1634 11
1635 9
1636 4
1637 15
1638 22
1639 9
1640 23
1641 14
1642 3
1643 5
1644 6
1645 15
1646 8
1647 10
1648 16
1649 33
1650 24
1651 13
1652 15
1653 7
1654 9
1655 6
1656 12
1657 29
1658 13
1659 13
1660 11
1661 17
1662 10
1663 8
1664 9
1665 6
1666 19
1667 11
1668 3
1669 9
1670 7
1671 16
1672 10
1673 20
1674 21
1675 15
1676 16
1677 5
1678 10
1679 10
1680 10
1681 16
1682 8
1683 11
1684 11
1685 22
1686 7
1687 20
1688 7
1689 11
1690 8
1691 11
1692 6
1693 9
1694 16
1695 14
1696 9
1697 16
1698 28
1699 25
1700 41
1701 19
1702 3
1703 6
1704 4
1705 8
1706 2
1707 9
1708 4
1709 26
1710 8
1711 8
1712 17
1713 18
1714 10
1715 3
1716 10
1717 6
1718 6
1719 34
1720 25
1721 28
1722 26
1723 36
1724 44
1725 74
1726 19
1727 11
1728 10
1729 17
1730 11
1731 8
1732 3
1733 5
1734 18
1735 26
1736 6
1737 12
1738 13
1739 8
1740 10
1741 4
1742 19
1743 15
1744 34
1745 56
1746 40
1747 14
1748 40
1749 56
1750 8
1751 86
1752 11
1753 37
1754 26
1755 59
1756 22
1757 12
1758 3
1759 9
1760 8
1761 6
1762 16
1763 28
1764 30
1765 2
1766 16
1767 2
1768 7
1769 17
1770 15
1771 9
1772 18
1773 10
1774 12
1775 9
1776 8
1777 16
1778 3
1779 18
1780 8
1781 13
1782 17
1783 22
1784 7
1785 12
1786 26
1787 18
1788 17
1789 33
1790 33
1791 30
1792 7
1793 11
1794 25
1795 17
1796 5
1797 6
1798 14
1799 11
1800 17
1801 11
1802 4
1803 15
1804 5
1805 9
1806 10
1807 74
1808 6
1809 12
1810 14
1811 5
1812 8
1813 14
1814 5
1815 6
1816 5
1817 10
1818 9
1819 6
1820 4
1821 3
1822 4
1823 24
1824 29
1825 14
1826 2
1827 8
1828 4
1829 14
1830 5
1831 12
1832 2
1833 3
1834 8
1835 5
1836 4
1837 6
1838 16
1839 21
1840 5
1841 6
1842 1
1843 6
1844 9
1845 11
1846 9
1847 6
1848 16
1849 22
1850 25
1851 14
1852 10
1853 3
1854 7
1855 4
1856 13
1857 7
1858 5
1859 7
1860 40
1861 9
1862 13
1863 9
1864 3
1865 1
1866 8
1867 12
1868 6
1869 25
1870 9
1871 5
1872 2
1873 15
1874 3
1875 17
1876 11
1877 8
1878 6
1879 4
1880 3
1881 6
1882 7
1883 22
1885 6
1886 13
1887 10
1888 15
1889 5
1890 7
1891 7
1892 4
1893 16
1894 3
1895 12
1896 15
1897 10
1898 8
1899 9
1900 11
1901 5
1902 10
1903 9
1904 4
1905 7
1906 5
1907 7
1908 2
1909 12
1910 11
1911 5
1912 9
1913 14
1914 17
1915 4
1916 13
1917 15
1918 10
1919 10
1920 5
1921 14
1922 7
1923 4
1924 7
1925 2
1926 8
1927 12
1928 11
1929 12
1930 8
1931 5
1932 19
1933 11
1934 12
1935 5
1936 12
1937 18
1938 10
1939 7
1940 4
1941 2
1942 3
1943 10
1944 11
1945 7
1946 7
1947 10
1948 19
1949 3
1950 2
1951 8
1952 11
1953 5
1954 10
1955 36
1956 5
1957 11
1958 18
1959 10
1960 12
1961 5
1962 11
1963 10
1964 9
1965 4
1966 9
1967 8
1968 23
1969 8
1970 2
1971 9
1972 3
1973 7
1974 7
1975 7
1976 16
1977 6
1978 11
1979 10
1980 8
1981 6
1982 2
1983 8
1984 15
1985 20
1986 2
1987 4
1988 13
1989 12
1990 10
1991 13
1992 5
1993 9
1994 3
1995 7
1996 5
1997 7
1998 3
1999 6
2000 5
2001 4
2002 10
2003 9
2004 12
2005 14
2006 10
2007 5
2008 5
2009 7
2010 4
2011 3
2012 9
2013 13
2014 17
2015 14
2016 9
2017 13
2018 12
2019 7
2020 6
2021 9
2022 16
2023 3
2024 20
2025 10
2026 3
2027 9
2028 2
2029 9
2030 3
2031 7
2032 33
2033 8
2034 2
2035 10
2036 2
2037 6
2038 13
2039 3
2040 3
2041 4
2042 7
2043 24
2044 5
2045 13
2046 8
2047 11
2048 9
2049 3
2050 1
2051 6
2052 27
2054 8
2055 7
2056 4
2057 8
2058 4
2059 2
2060 3
2061 1
2062 6
2063 4
2064 5
2065 5
2066 17
2067 12
2068 17
2069 4
2070 10
2071 4
2072 11
2073 14
2074 8
2075 7
2076 10
2077 20
2078 7
2079 8
2080 11
2081 4
2082 3
2083 4
2084 3
2085 6
2086 2
2087 11
2088 12
2089 4
2090 4
2091 7
2092 4
2093 7
2094 14
2095 2
2096 2
2097 2
2098 10
2099 11
2100 9
2101 25
2102 7
2103 4
2104 6
2105 1
2106 1
2107 4
2108 4
2109 3
2110 4
2111 1
2112 4
2113 6
2114 6
2115 21
2116 3
2117 6
2118 10
2119 10
2120 5
2121 4
2122 2
2123 15
2124 4
2125 11
2126 1
2128 7
2129 1
2130 2
2131 3
2132 4
2133 11
2134 3
2135 7
2136 12
2137 1
2138 3
2139 4
2140 9
2141 6
2143 12
2144 4
2145 3
2146 6
2147 3
2148 2
2149 7
2150 16
2151 3
2152 2
2153 2
2154 9
2156 5
2157 16
2158 4
2159 10
2160 22
2161 7
2162 1
2163 11
2164 3
2165 4
2166 5
2167 2
2168 6
2169 5
2170 9
2171 3
2172 5
2173 6
2174 5
2175 6
2176 4
2177 5
2178 15
2179 5
2180 11
2181 14
2182 6
2183 2
2184 1
2185 6
2186 8
2187 1
2188 1
2189 3
2190 13
2191 4
2192 2
2193 6
2194 2
2195 4
2196 3
2197 4
2198 12
2199 9
2200 7
2201 2
2202 8
2203 4
2204 9
2205 23
2206 9
2207 1
2208 2
2209 4
2210 4
2211 1
2212 9
2213 11
2214 7
2216 2
2217 2
2218 2
2219 9
2220 7
2221 18
2222 12
2223 9
2224 2
2225 8
2226 4
2227 10
2228 3
2229 4
2230 4
2231 3
2232 2
2233 18
2234 4
2235 4
2236 6
2237 7
2238 4
2239 3
2240 3
2241 3
2242 2
2243 3
2244 3
2245 4
2246 8
2247 8
2248 25
2249 5
2250 9
2251 2
2252 4
2253 1
2254 2
2255 2
2256 4
2257 6
2258 5
2259 3
2260 3
2261 1
2262 4
2263 17
2264 4
2265 14
2266 7
2267 3
2268 2
2269 1
2271 5
2272 2
2273 4
2274 4
2275 2
2276 2
2277 5
2278 9
2279 4
2280 2
2281 3
2282 2
2283 8
2284 7
2285 35
2286 3
2287 9
2288 1
2289 2
2290 1
2291 2
2292 5
2293 1
2294 2
2295 1
2296 5
2297 18
2298 1
2300 3
2301 3
2302 3
2303 1
2304 1
2305 4
2307 7
2308 8
2309 3
2310 5
2311 1
2312 7
2313 4
2314 4
2315 8
2316 121
2318 2
2319 4
2320 8
2321 4
2322 9
2323 3
2324 5
2325 2
2326 3
2327 4
2328 6
2329 5
2330 3
2331 3
2332 6
2333 1
2334 5
2335 1
2336 3
2337 20
2338 1
2339 1
2340 6
2341 7
2342 3
2344 3
2345 5
2347 15
2348 4
2349 4
2350 7
2351 4
2352 4
2353 14
2354 3
2355 3
2356 3
2357 1
2358 3
2359 6
2360 4
2361 9
2362 2
2363 5
2364 2
2365 3
2366 4
2367 4
2368 1
2369 5
2370 7
2372 7
2373 4
2374 9
2375 1
2377 4
2378 1
2379 3
2380 3
2381 4
2382 2
2383 6
2384 2
2385 6
2386 6
2387 8
2388 7
2389 5
2390 5
2391 6
2392 1
2393 7
2394 6
2395 4
2396 8
2397 4
2398 2
2399 1
2400 9
2401 4
2402 7
2403 4
2404 3
2405 5
2406 3
2407 3
2408 4
2409 2
2410 5
2411 2
2412 1
2413 6
2414 5
2415 4
2416 1
2417 4
2418 4
2419 4
2420 1
2421 2
2422 3
2423 6
2424 4
2425 5
2426 2
2427 1
2428 2
2429 3
2430 7
2431 2
2432 4
2433 8
2434 1
2435 10
2436 3
2437 1
2438 2
2439 10
2440 5
2441 4
2442 6
2443 4
2444 4
2445 1
2446 5
2447 4
2448 9
2449 19
2450 8
2451 3
2452 4
2453 2
2454 4
2455 4
2456 3
2457 3
2458 6
2459 4
2460 16
2461 6
2462 3
2463 5
2464 5
2465 7
2466 13
2467 3
2468 5
2469 10
2470 12
2471 8
2472 6
2473 2
2474 6
2475 7
2476 2
2477 4
2478 2
2479 6
2480 3
2481 10
2482 10
2483 6
2484 3
2485 14
2486 1
2487 2
2488 2
2489 4
2490 5
2491 1
2492 3
2493 4
2494 3
2495 2
2496 10
2497 3
2498 9
2499 1
2500 4
2501 2
2502 3
2503 4
2505 7
2506 5
2507 3
2508 3
2509 1
2510 2
2511 12
2512 2
2513 4
2514 1
2515 2
2516 7
2517 2
2518 4
2519 3
2521 7
2522 6
2523 8
2524 3
2525 2
2526 1
2527 10
2528 3
2529 1
2530 5
2531 8
2532 1
2533 5
2534 3
2535 5
2536 3
2537 4
2538 1
2539 4
2540 6
2542 6
2543 2
2544 6
2545 2
2546 3
2547 5
2548 2
2549 1
2550 5
2551 2
2553 2
2554 1
2555 3
2556 7
2557 7
2558 2
2559 3
2560 5
2561 18
2563 4
2564 4
2565 2
2566 5
2567 7
2568 3
2569 2
2570 1
2571 1
2572 2
2573 3
2574 1
2575 4
2576 1
2578 11
2579 5
2580 17
2581 4
2582 1
2583 3
2584 3
2585 6
2586 132
2587 2
2588 5
2590 3
2591 5
2592 5
2593 7
2594 4
2595 2
2596 1
2597 2
2598 5
2599 5
2600 5
2601 11
2602 4
2603 5
2604 3
2605 4
2606 4
2607 7
2608 1
2609 4
2610 5
2612 1
2613 3
2614 8
2618 3
2619 2
2620 4
2621 4
2622 3
2623 1
2624 5
2625 14
2626 4
2627 7
2628 4
2629 5
2630 3
2631 4
2633 3
2634 1
2635 2
2636 3
2637 1
2638 15
2639 5
2640 14
2641 7
2642 4
2643 4
2644 13
2645 8
2646 4
2647 5
2648 2
2649 11
2651 2
2652 5
2653 3
2654 2
2655 2
2656 4
2658 1
2659 1
2660 5
2661 3
2662 7
2663 4
2664 1
2665 4
2666 6
2667 1
2670 3
2671 1
2672 3
2673 2
2674 3
2675 3
2676 7
2677 1
2678 2
2679 5
2680 4
2681 6
2684 2
2685 7
2686 2
2687 3
2688 3
2689 4
2690 6
2691 12
2693 2
2694 10
2695 7
2696 2
2697 5
2698 1
2700 1
2701 1
2702 6
2703 4
2704 1
2705 5
2706 5
2708 4
2709 3
2710 2
2711 1
2714 6
2715 4
2716 4
2717 6
2718 8
2719 3
2720 5
2721 6
2722 6
2723 2
2724 7
2725 1
2727 2
2728 5
2729 10
2730 4
2731 2
2732 3
2733 1
2734 1
2735 2
2736 4
2737 2
2738 3
2739 2
2740 3
2742 3
2744 2
2745 3
2746 10
2747 1
2748 7
2749 6
2750 7
2751 2
2752 1
2753 4
2754 9
2755 3
2756 10
2757 1
2758 7
2759 8
2760 6
2761 7
2762 4
2763 6
2764 3
2765 2
2766 3
2767 8
2768 2
2769 2
2770 2
2771 6
2772 3
2773 2
2774 4
2775 8
2776 5
2777 3
2778 2
2779 4
2780 5
2781 3
2782 4
2783 4
2784 2
2785 6
2786 1
2787 4
2788 3
2789 3
2790 1
2791 4
2793 3
2794 1
2795 1
2796 2
2797 2
2798 1
2800 3
2801 6
2802 1
2803 2
2805 2
2807 5
2808 1
2809 1
2810 4
2811 9
2812 1
2813 1
2814 2
2815 4
2816 4
2817 8
2818 3
2819 9
2820 2
2821 9
2822 6
2823 6
2824 1
2825 13
2826 4
2827 2
2828 6
2829 5
2830 2
2831 18
2833 3
2834 3
2835 4
2836 6
2837 3
2838 3
2839 3
2840 4
2841 1
2842 1
2843 2
2844 7
2845 3
2846 6
2847 3
2848 3
2849 3
2850 1
2851 4
2852 2
2853 2
2854 5
2855 5
2856 3
2857 11
2858 15
2859 11
2860 4
2861 8
2862 21
2863 6
2864 4
2865 1
2866 4
2867 6
2868 2
2869 3
2870 4
2871 2
2872 1
2873 9
2874 4
2875 3
2876 4
2877 1
2878 15
2879 5
2880 1
2881 11
2882 2
2883 3
2884 11
2885 5
2886 1
2887 6
2888 2
2889 10
2890 4
2891 1
2892 3
2893 1
2894 8
2895 3
2896 3
2897 4
2898 2
2899 6
2900 3
2901 4
2902 4
2903 1
2905 8
2906 3
2907 6
2909 6
2910 4
2911 1
2912 3
2913 4
2914 4
2915 1
2916 2
2917 2
2918 3
2919 1
2922 1
2923 2
2925 5
2926 1
2928 2
2929 3
2930 2
2931 5
2932 5
2933 4
2934 3
2935 1
2936 1
2937 1
2938 2
2939 6
2940 2
2941 2
2942 3
2943 2
2944 3
2946 4
2947 6
2949 3
2950 6
2952 1
2953 6
2954 4
2955 1
2957 6
2958 2
2959 5
2960 5
2961 3
2962 5
2963 1
2964 8
2965 1
2966 2
2968 6
2969 2
2970 2
2971 4
2972 2
2973 6
2974 1
2975 1
2976 5
2979 4
2980 1
2981 2
2982 4
2983 2
2984 3
2985 2
2986 1
2988 3
2989 1
2991 2
2992 1
2993 3
2994 2
2995 1
2996 2
2997 2
2998 3
2999 1
3000 2
3001 1
3002 3
3003 1
3004 1
3005 9
3006 6
3007 9
3008 7
3009 1
3010 1
3011 4
3012 5
3015 1
3016 2
3017 3
3018 2
3019 5
3020 4
3021 2
3022 1
3023 2
3025 1
3026 52
3027 6
3028 1
3029 4
3030 6
3032 8
3033 1
3034 4
3036 4
3037 2
3038 3
3039 2
3040 1
3041 2
3042 5
3043 9
3044 3
3045 1
3046 2
3047 1
3048 1
3050 1
3052 2
3053 1
3054 5
3057 1
3058 1
3059 4
3060 3
3061 2
3062 4
3063 3
3064 2
3065 3
3066 4
3067 1
3068 6
3069 3
3070 3
3071 3
3072 7
3073 2
3074 5
3075 3
3076 3
3077 2
3079 1
3080 2
3081 16
3082 2
3083 16
3084 9
3085 3
3086 6
3087 16
3088 5
3089 1
3090 1
3091 5
3093 4
3094 1
3095 3
3096 14
3097 1
3100 10
3101 7
3102 5
3103 2
3104 3
3105 2
3106 4
3107 8
3108 4
3109 1
3110 3
3111 18
3112 1
3113 3
3114 1
3115 3
3116 1
3117 2
3118 4
3119 5
3120 1
3121 2
3122 1
3123 4
3124 2
3125 4
3126 1
3127 5
3128 5
3129 4
3131 2
3132 8
3133 7
3134 3
3135 7
3136 1
3137 3
3138 3
3139 5
3140 1
3141 2
3142 3
3143 1
3144 1
3146 3
3147 8
3149 1
3150 4
3151 1
3152 5
3153 16
3154 1
3155 4
3156 6
3157 4
3158 5
3159 2
3160 9
3161 3
3162 4
3163 2
3164 11
3165 4
3167 2
3169 5
3170 7
3171 5
3172 6
3173 21
3175 4
3176 1
3178 1
3180 3
3181 3
3182 5
3183 7
3185 1
3186 5
3187 2
3188 3
3189 5
3190 6
3191 2
3192 1
3193 5
3194 2
3195 2
3196 4
3197 1
3198 2
3199 2
3200 5
3202 1
3204 2
3206 2
3208 3
3209 2
3210 3
3211 4
3212 2
3213 2
3214 4
3215 10
3216 3
3217 3
3218 34
3219 36
3220 6
3221 10
3224 2
3225 2
3226 1
3228 4
3229 2
3230 5
3231 1
3233 2
3234 3
3236 2
3237 2
3238 1
3239 3
3240 1
3241 1
3242 4
3243 2
3245 1
3246 1
3248 1
3249 1
3250 2
3254 2
3255 2
3256 4
3259 1
3260 5
3262 1
3263 3
3264 4
3265 4
3267 1
3268 5
3269 1
3270 1
3271 4
3273 2
3274 1
3275 1
3276 2
3277 2
3278 1
3279 1
3280 2
3281 5
3282 2
3283 6
3284 1
3286 6
3287 8
3288 7
3290 5
3291 3
3292 1
3293 4
3294 3
3295 1
3296 2
3298 3
3299 6
3300 4
3301 3
3302 2
3304 1
3305 3
3308 6
3309 3
3310 3
3311 15
3312 1
3313 1
3314 2
3316 1
3317 3
3318 3
3319 2
3320 1
3321 3
3322 6
3325 1
3326 3
3327 5
3328 7
3329 4
3330 1
3331 6
3332 3
3333 8
3334 7
3336 2
3337 1
3339 1
3340 1
3341 5
3343 2
3346 1
3348 4
3350 2
3351 2
3352 4
3353 3
3356 2
3357 4
3358 1
3360 2
3362 1
3363 6
3364 2
3365 1
3366 3
3367 5
3368 2
3369 30
3370 1
3371 3
3373 1
3374 3
3375 1
3376 2
3377 4
3379 3
3380 2
3381 1
3382 14
3383 3
3385 3
3386 2
3387 4
3388 3
3390 5
3391 1
3392 4
3393 2
3394 1
3395 2
3397 5
3398 2
3399 5
3400 2
3401 3
3403 3
3404 2
3405 3
3406 2
3407 7
3408 2
3414 2
3416 3
3421 17
3422 5
3423 4
3424 5
3425 3
3426 7
3427 2
3430 1
3431 2
3433 2
3435 1
3437 3
3438 3
3439 2
3441 2
3442 1
3445 4
3446 1
3447 4
3448 1
3449 2
3450 1
3451 4
3452 3
3453 1
3454 2
3455 2
3457 3
3458 1
3459 1
3460 1
3461 1
3462 2
3463 1
3464 3
3466 1
3470 1
3471 1
3473 4
3474 4
3475 2
3476 2
3477 1
3478 2
3479 2
3480 2
3482 2
3484 3
3485 2
3486 3
3487 2
3488 1
3490 2
3491 1
3492 4
3495 2
3496 1
3497 2
3498 1
3499 2
3500 1
3501 2
3502 2
3505 9
3506 2
3507 4
3508 1
3509 2
3510 1
3511 1
3512 2
3513 2
3514 2
3515 5
3516 2
3517 1
3518 1
3519 2
3520 2
3522 5
3523 4
3526 2
3527 1
3528 5
3530 5
3532 1
3533 1
3535 1
3536 5
3537 1
3538 3
3539 3
3540 2
3541 1
3542 2
3543 2
3545 5
3546 2
3548 1
3549 2
3551 9
3552 4
3554 1
3556 4
3557 2
3559 5
3560 1
3561 2
3562 7
3563 1
3567 1
3569 1
3570 1
3571 2
3573 2
3574 3
3575 2
3576 1
3579 1
3580 1
3581 1
3582 3
3583 4
3584 3
3586 2
3588 1
3589 1
3590 3
3591 2
3592 1
3593 4
3595 1
3597 4
3598 2
3599 2
3600 3
3601 2
3602 1
3603 6
3604 3
3606 5
3607 3
3608 6
3610 3
3611 1
3612 3
3613 13
3614 6
3615 2
3616 1
3618 1
3619 2
3622 2
3623 5
3627 1
3628 4
3629 1
3630 2
3632 24
3633 5
3634 1
3638 1
3640 1
3642 1
3644 4
3645 4
3646 3
3648 1
3651 5
3652 2
3653 4
3654 1
3656 4
3657 1
3660 3
3661 2
3662 2
3663 2
3664 4
3665 1
3666 3
3667 9
3669 1
3670 2
3671 1
3672 1
3673 1
3674 4
3675 1
3676 2
3678 4
3679 1
3680 1
3681 1
3682 1
3683 1
3684 1
3685 3
3686 3
3687 3
3688 1
3689 1
3691 1
3694 4
3698 1
3700 1
3701 3
3702 1
3703 1
3705 2
3706 1
3707 1
3708 2
3709 4
3710 2
3711 1
3712 1
3713 3
3715 4
3716 2
3717 2
3718 1
3719 1
3720 2
3722 1
3724 3
3726 1
3727 3
3728 6
3729 1
3730 2
3731 1
3732 2
3733 1
3734 2
3735 1
3736 1
3737 2
3739 6
3740 1
3741 1
3742 4
3743 2
3744 1
3745 1
3748 2
3750 4
3752 13
3753 1
3754 5
3756 2
3758 2
3760 3
3761 3
3764 1
3767 1
3768 1
3769 2
3771 3
3772 2
3773 1
3774 1
3775 1
3776 2
3779 1
3780 4
3781 2
3782 1
3783 2
3785 3
3786 2
3787 1
3788 1
3789 2
3791 5
3793 2
3794 4
3795 2
3796 2
3797 4
3798 5
3801 1
3804 1
3805 1
3806 3
3809 1
3810 3
3816 1
3818 3
3820 2
3821 2
3822 3
3823 3
3828 1
3830 1
3832 1
3833 3
3834 3
3835 1
3836 5
3837 1
3838 3
3839 1
3840 4
3841 1
3842 3
3843 2
3845 7
3847 3
3848 1
3849 2
3850 1
3852 3
3853 2
3854 1
3855 2
3858 1
3859 2
3860 2
3861 1
3862 3
3863 9
3864 1
3865 9
3868 3
3869 1
3870 3
3872 7
3873 7
3874 2
3875 8
3876 2
3880 8
3881 1
3883 1
3884 3
3885 12
3886 2
3887 2
3888 3
3889 3
3890 7
3891 4
3892 14
3894 6
3897 8
3899 15
3902 3
3903 1
3904 5
3905 4
3907 2
3908 7
3910 3
3912 1
3915 2
3916 1
3917 44
3918 14
3919 156
3921 3
3922 1
3923 1
3924 7
3925 2
3926 3
3927 3
3928 1
3930 2
3932 5
3933 5
3935 3
3936 1
3937 1
3942 1
3943 2
3944 5
3946 2
3947 2
3949 5
3950 3
3953 1
3955 2
3958 1
3959 6
3962 2
3963 4
3964 1
3966 7
3968 1
3969 2
3970 1
3973 5
3976 3
3977 1
3978 2
3979 11
3981 1
3982 6
3983 2
3984 2
3987 6
3988 2
3989 1
3990 4
3991 2
3992 1
3993 1
3994 2
3995 1
3997 1
3998 4
3999 4
4000 7
4002 1
4003 4
4004 3
4005 2
4006 2
4007 21
4008 1
4010 1
4013 3
4015 4
4016 1
4017 2
4018 1
4019 1
4020 1
4021 4
4022 1
4025 3
4028 1
4030 1
4031 1
4032 2
4035 1
4036 4
4039 2
4040 2
4041 1
4042 2
4043 2
4046 3
4050 1
4053 1
4054 2
4055 2
4060 4
4061 4
4066 2
4068 2
4069 1
4070 1
4071 1
4072 2
4073 1
4077 1
4078 2
4079 3
4081 2
4082 1
4083 3
4084 1
4085 1
4087 13
4088 8
4089 1
4090 3
4092 1
4093 1
4094 4
4095 4
4096 19
4097 2
4098 2
4102 3
4103 3
4105 2
4106 24
4107 2
4109 4
4111 1
4112 1
4113 2
4116 6
4118 1
4120 13
4122 3
4123 3
4124 9
4125 4
4127 6
4128 6
4129 2
4134 4
4135 12
4136 1
4137 3
4139 2
4142 2
4143 2
4144 6
4149 2
4153 1
4154 2
4156 1
4157 6
4158 4
4159 5
4161 2
4162 1
4164 1
4165 2
4166 2
4170 2
4171 1
4172 5
4173 3
4176 1
4179 1
4180 7
4182 2
4183 7
4184 2
4187 4
4189 1
4190 2
4191 6
4192 3
4194 1
4195 2
4196 4
4197 1
4198 3
4201 15
4202 2
4204 3
4205 1
4206 7
4207 8
4209 2
4210 10
4213 1
4217 1
4221 2
4223 1
4224 8
4225 1
4226 2
4227 11
4228 1
4229 1
4236 2
4240 1
4241 1
4243 2
4244 1
4245 6
4248 16
4249 2
4256 2
4259 1
4261 1
4262 6
4263 1
4264 2
4265 1
4266 2
4269 1
4273 6
4276 2
4279 1
4284 2
4285 2
4286 2
4287 2
4288 1
4290 1
4291 4
4293 2
4295 2
4300 1
4303 1
4307 2
4310 1
4311 11
4314 2
4315 1
4317 1
4321 2
4324 1
4325 3
4326 1
4327 2
4328 1
4329 2
4333 1
4337 1
4338 2
4339 2
4344 5
4345 3
4350 4
4352 1
4355 1
4358 1
4359 3
4360 4
4361 50
4362 3
4364 1
4366 1
4372 6
4373 1
4375 1
4382 1
4383 3
4385 1
4386 1
4389 1
4390 2
4393 2
4396 5
4399 1
4400 4
4403 2
4404 1
4406 1
4407 4
4409 3
4410 1
4411 2
4413 2
4417 2
4419 1
4421 3
4424 1
4427 1
4429 8
4430 1
4432 1
4433 3
4435 3
4436 1
4438 4
4439 5
4440 2
4443 1
4444 2
4445 1
4450 1
4453 2
4456 2
4459 4
4461 2
4465 10
4466 8
4467 12
4468 9
4469 1
4470 6
4471 2
4472 1
4474 2
4476 3
4477 19
4478 3
4480 4
4482 3
4483 1
4484 9
4486 2
4487 5
4488 7
4490 3
4494 3
4497 1
4498 3
4499 2
4501 3
4503 1
4506 4
4508 17
4509 3
4511 2
4513 1
4514 1
4515 4
4517 1
4518 2
4520 4
4521 14
4522 3
4524 1
4527 1
4530 6
4531 2
4532 1
4540 2
4543 1
4544 1
4545 3
4547 2
4552 1
4553 4
4556 1
4557 1
4558 3
4561 1
4562 5
4566 1
4567 2
4569 1
4571 2
4572 2
4573 3
4574 4
4575 2
4576 1
4577 2
4582 1
4583 3
4584 3
4590 2
4591 2
4592 2
4593 3
4595 3
4596 3
4598 4
4600 9
4602 4
4604 2
4608 1
4612 1
4614 3
4624 1
4626 1
4628 1
4630 2
4637 2
4640 1
4644 5
4646 2
4647 20
4648 11
4649 3
4650 6
4651 3
4652 9
4654 3
4655 9
4656 4
4658 2
4659 4
4660 2
4661 1
4662 15
4665 1
4666 2
4667 2
4668 2
4669 4
4670 15
4671 5
4673 15
4674 3
4677 6
4678 5
4681 3
4682 5
4683 10
4685 1
4686 5
4688 3
4690 1
4691 4
4693 4
4697 1
4698 2
4699 2
4702 2
4703 1
4704 1
4706 2
4707 5
4709 2
4711 1
4712 6
4713 2
4715 11
4717 1
4722 2
4723 6
4724 7
4726 1
4728 2
4729 1
4730 5
4731 1
4733 1
4736 1
4737 5
4738 2
4740 4
4741 11
4742 11
4743 1
4744 17
4745 4
4747 5
4748 1
4749 1
4750 3
4753 1
4754 10
4755 3
4759 1
4760 1
4761 3
4762 1
4763 3
4764 1
4766 7
4767 5
4768 5
4769 2
4771 6
4772 7
4773 1
4775 1
4776 2
4777 2
4778 15
4780 1
4781 1
4783 2
4784 3
4785 2
4786 5
4787 1
4791 3
4792 9
4794 2
4796 1
4797 1
4798 4
4799 1
4802 9
4803 1
4806 2
4807 1
4810 1
4814 1
4817 5
4818 3
4820 2
4822 1
4826 3
4827 2
4833 1
4838 1
4840 3
4846 3
4848 1
4851 3
4852 1
4854 2
4856 1
4858 1
4859 8
4860 4
4861 1
4863 1
4864 1
4865 19
4866 1
4867 1
4868 6
4870 7
4871 2
4872 2
4873 2
4877 43
4880 2
4881 7
4883 3
4885 3
4886 1
4887 6
4888 4
4890 1
4891 1
4892 2
4893 1
4896 26
4898 2
4901 1
4903 1
4904 1
4908 1
4909 24
4911 1
4912 2
4914 5
4915 1
4917 1
4918 3
4919 2
4920 2
4921 2
4923 2
4924 5
4925 2
4926 7
4927 1
4928 23
4929 1
4930 2
4931 3
4932 2
4933 2
4936 2
4937 6
4938 31
4939 1
4941 2
4943 3
4945 3
4946 1
4947 9
4948 1
4949 1
4950 15
4954 2
4955 2
4956 2
4957 3
4960 5
4963 55
4964 3
4966 1
4969 3
4970 1
4971 1
4972 1
4975 1
4976 2
4979 2
4981 17
4982 4
4983 9
4985 4
4987 3
4991 1
4993 1
4995 1
4997 1
4998 1
4999 2
5003 2
5005 2
5010 2
5014 4
5016 1
5018 2
5020 2
5023 1
5024 2
5028 3
5031 2
5032 6
5033 3
5035 1
5036 2
5042 1
5043 1
5047 2
5051 2
5052 1
5053 3
5054 1
5055 7
5058 1
5060 2
5061 7
5062 2
5064 20
5065 1
5068 3
5069 2
5074 2
5075 2
5076 11
5077 3
5079 2
5080 16
5082 1
5083 3
5085 3
5086 2
5087 5
5088 1
5089 1
5091 1
5092 2
5093 1
5096 14
5097 1
5099 1
5101 4
5102 4
5104 1
5110 1
5111 1
5112 1
5113 2
5117 1
5118 2
5119 1
5124 1
5125 2
5126 3
5128 1
5129 7
5130 1
5131 2
5132 13
5134 1
5135 3
5137 6
5139 11
5140 3
5144 3
5146 4
5147 1
5148 1
5149 5
5150 6
5151 2
5152 18
5153 1
5154 6
5157 4
5158 1
5159 5
5160 4
5161 3
5162 2
5164 4
5166 1
5167 5
5168 9
5169 1
5170 1
5172 2
5173 4
5174 7
5177 6
5178 2
5179 5
5182 1
5188 2
5192 3
5196 1
5197 4
5199 1
5201 2
5203 2
5204 1
5205 1
5206 2
5207 4
5209 1
5210 1
5212 1
5214 1
5215 3
5218 1
5220 4
5221 2
5223 1
5224 2
5226 2
5234 2
5241 1
5244 1
5248 2
5249 1
5253 2
5259 1
5266 7
5267 1
5268 1
5269 4
5270 2
5271 5
5272 5
5273 2
5275 1
5277 13
5280 4
5281 6
5283 8
5285 2
5286 4
5287 3
5288 7
5289 1
5293 5
5294 1
5296 2
5299 19
5300 2
5305 3
5306 1
5307 4
5308 2
5310 2
5311 1
5312 2
5313 20
5317 5
5321 7
5322 1
5324 1
5326 2
5327 2
5328 4
5330 14
5337 2
5338 1
5341 14
5343 21
5348 1
5350 9
5353 1
5354 8
5361 7
5362 1
5364 10
5365 9
5366 7
5367 2
5368 11
5370 21
5372 1
5380 2
5381 2
5382 1
5383 1
5388 6
5389 6
5391 6
5394 16
5396 1
5398 3
5399 1
5404 70
5406 3
5417 3
5418 2
5420 1
5425 9
5429 2
5430 1
5431 7
5432 2
5434 4
5436 2
5439 4
5440 2
5444 1
5445 20
5446 6
5447 5
5448 2
5451 1
5452 1
5454 2
5455 3
5456 3
5460 2
5463 3
5465 2
5467 1
5469 2
5471 1
5473 4
5476 1
5480 2
5483 1
5484 1
5485 16
5489 1
5490 2
5497 10
5503 2
5505 2
5509 2
5512 1
5514 3
5523 2
5526 3
5527 1
5531 4
5532 4
5536 1
5540 2
5547 7
5548 4
5550 2
5554 2
5556 1
5557 2
5558 2
5560 2
5565 2
5573 2
5576 1
5577 3
5579 1
5580 2
5586 3
5588 5
5589 16
5594 3
5597 1
5598 1
5600 9
5602 11
5603 2
5606 1
5608 6
5610 6
5611 4
5615 20
5616 2
5619 3
5621 12
5622 2
5625 10
5626 2
5627 7
5632 2
5633 29
5635 1
5636 2
5637 2
5638 2
5641 3
5642 2
5643 3
5644 1
5648 2
5649 2
5651 2
5652 2
5654 6
5655 5
5657 1
5659 2
5660 2
5661 4
5662 14
5663 2
5664 3
5665 3
5666 7
5671 2
5672 1
5678 1
5680 5
5681 2
5683 2
5685 1
5686 12
5687 1
5688 6
5689 2
5690 2
5692 3
5694 4
5695 1
5696 14
5698 26
5699 2
5700 1
5703 1
5704 4
5705 2
5707 2
5708 1
5710 1
5712 2
5713 31
5715 1
5717 2
5719 6
5722 2
5732 4
5733 5
5735 2
5737 1
5742 1
5751 1
5756 1
5757 4
5764 1
5765 1
5766 4
5768 3
5769 5
5770 7
5771 2
5772 5
5773 2
5774 1
5775 2
5776 1
5777 12
5779 4
5782 1
5783 1
5786 2
5787 2
5788 17
5789 15
5790 1
5791 1
5793 1
5795 1
5796 15
5797 2
5803 6
5805 2
5811 1
5815 1
5816 1
5822 2
5834 2
5836 1
5846 2
5847 2
5849 2
5850 2
5851 3
5852 8
5854 1
5855 1
5856 1
5861 1
5864 2
5866 1
5870 5
5873 1
5875 1
5876 2
5878 6
5879 1
5880 1
5883 2
5884 1
5885 2
5886 1
5888 1
5889 1
5890 3
5891 6
5892 1
5898 1
5899 7
5909 3
5910 3
5913 6
5914 2
5915 3
5916 2
5917 3
5918 8
5919 2
5920 2
5922 2
5923 7
5924 1
5928 3
5929 1
5930 2
5932 8
5933 4
5935 5
5937 2
5938 2
5939 3
5942 5
5946 2
5948 2
5949 2
5953 4
5954 4
5955 2
5958 2
5962 2
5963 3
5966 4
5968 1
5971 2
5972 8
5973 4
5974 2
5975 1
5976 1
5977 2
5979 7
5980 5
5982 3
5983 4
5984 4
5985 2
5986 6
5987 1
5989 3
5990 4
5991 3
5993 8
5994 1
5997 6
6000 1
6001 13
6002 2
6004 2
6005 1
6008 2
6009 2
6010 6
6012 14
6014 9
6015 3
6017 1
6018 1
6019 8
6020 4
6021 2
6023 2
6024 4
6025 1
6028 2
6030 2
6032 4
6035 5
6037 1
6038 5
6039 2
6047 2
6048 15
6049 4
6051 5
6053 3
6054 1
6055 2
6056 4
6057 16
6058 6
6060 1
6063 8
6065 2
6070 1
6072 3
6073 3
6076 6
6078 3
6079 2
6081 4
6083 2
6084 9
6085 2
6086 16
6087 2
6088 2
6089 4
6092 8
6097 1
6098 2
6103 2
6105 2
6106 2
6107 8
6109 2
6111 2
6113 4
6114 1
6118 6
6119 2
6120 12
6126 3
6127 3
6128 1
6130 3
6131 5
6133 4
6134 2
6136 14
6137 1
6140 1
6142 2
6143 7
6144 2
6145 4
6147 1
6150 1
6151 7
6153 3
6156 30
6163 2
6164 1
6165 1
6167 2
6172 2
6174 3
6175 2
6180 4
6185 4
6187 2
6192 3
6195 2
6196 7
6197 3
6198 2
6199 8
6202 2
6203 11
6204 12
6205 8
6211 2
6218 6
6219 14
6221 1
6222 4
6224 2
6226 2
6227 2
6230 2
6231 1
6234 2
6235 1
6238 2
6240 28
6242 2
6254 1
6255 2
6257 1
6261 1
6262 2
6267 1
6268 5
6269 6
6273 2
6275 1
6277 1
6279 3
6280 1
6281 5
6283 1
6288 1
6290 11
6293 1
6294 6
6296 1
6297 1
6299 1
6302 2
6306 4
6307 1
6309 1
6310 1
6312 1
6313 4
6314 1
6317 3
6318 1
6319 4
6321 3
6322 1
6327 2
6328 2
6330 4
6332 3
6333 2
6334 4
6337 2
6341 5
6344 5
6348 14
6349 6
6355 1
6358 2
6360 2
6363 1
6368 2
6371 2
6372 5
6377 8
6378 7
6379 2
6380 2
6382 4
6385 2
6388 2
6389 2
6391 2
6392 1
6394 1
6396 2
6397 1
6400 3
6403 7
6404 15
6405 2
6409 1
6410 7
6411 12
6413 10
6417 2
6423 2
6425 1
6432 4
6439 4
6440 1
6441 3
6445 2
6450 2
6457 2
6459 3
6463 3
6464 4
6465 3
6466 1
6467 4
6471 1
6472 3
6473 2
6474 2
6477 4
6478 1
6482 3
6483 8
6484 10
6485 4
6486 1
6487 1
6490 1
6496 1
6498 2
6499 2
6500 1
6506 1
6508 1
6509 2
6513 12
6515 1
6517 1
6520 3
6521 4
6527 2
6528 2
6529 2
6530 2
6533 1
6537 2
6539 4
6542 6
6544 37
6546 2
6547 13
6549 1
6551 1
6553 1
6554 1
6556 12
6557 2
6562 2
6563 1
6564 1
6566 2
6567 2
6568 3
6569 3
6570 4
6572 2
6574 2
6579 1
6580 4
6591 2
6593 1
6596 1
6598 2
6599 2
6601 1
6612 3
6616 3
6618 4
6621 4
6624 2
6626 2
6628 3
6629 1
6631 2
6634 2
6638 1
6640 1
6642 2
6643 1
6645 9
6648 2
6651 2
6656 1
6658 2
6659 1
6660 1
6661 2
6662 2
6663 1
6664 1
6665 1
6668 2
6673 3
6677 5
6682 1
6684 2
6685 1
6687 1
6688 1
6690 1
6691 1
6695 1
6698 4
6699 2
6704 1
6705 1
6710 2
6712 1
6713 3
6714 1
6715 1
6719 1
6720 1
6721 1
6725 2
6726 1
6732 1
6733 2
6735 1
6737 1
6738 1
6741 1
6746 1
6747 1
6748 1
6754 3
6755 1
6756 1
6763 1
6764 3
6771 2
6785 1
6788 1
6790 3
6793 2
6796 3
6797 2
6798 1
6799 5
6802 1
6803 2
6805 3
6807 1
6810 1
6813 1
6815 2
6816 3
6818 4
6820 1
6821 2
6824 6
6827 1
6829 2
6831 1
6832 4
6846 4
6851 2
6854 2
6864 1
6867 2
6868 2
6873 1
6874 3
6878 2
6879 4
6880 1
6887 2
6891 5
6893 2
6896 2
6897 2
6899 3
6902 1
6903 1
6905 4
6907 2
6909 1
6910 2
6911 1
6913 2
6915 5
6917 2
6918 2
6920 1
6922 3
6928 2
6929 1
6930 4
6933 1
6934 1
6935 2
6936 2
6937 1
6943 2
6946 4
6948 4
6949 2
6951 2
6952 2
6954 2
6955 7
6956 2
6957 1
6959 2
6960 2
6963 2
6964 1
6970 10
6971 1
6973 4
6974 2
6975 2
6978 1
6980 3
6981 3
6984 2
6985 2
6987 4
6988 2
6989 2
6990 4
6991 1
6995 2
6998 1
7005 2
7007 2
7012 2
7019 2
7024 4
7027 2
7032 2
7036 2
7044 1
7050 2
7056 2
7062 1
7070 2
7076 1
7079 1
7083 1
7084 1
7087 2
7088 3
7091 2
7092 1
7097 1
7098 2
7104 2
7106 3
7108 1
7114 2
7115 1
7119 3
7122 1
7129 1
7130 2
7131 1
7135 2
7136 1
7137 2
7141 3
7144 2
7147 1
7149 4
7152 2
7154 6
7155 2
7156 1
7157 1
7158 3
7166 3
7171 2
7174 7
7179 2
7180 2
7186 3
7195 2
7202 2
7203 3
7212 3
7221 1
7226 2
7234 1
7235 1
7238 1
7242 1
7243 1
7246 3
7247 1
7248 1
7255 1
7257 2
7258 3
7274 1
7275 1
7276 1
7278 1
7280 1
7283 1
7289 1
7294 1
7296 4
7297 2
7301 5
7303 8
7306 1
7310 2
7314 1
7315 1
7322 1
7328 2
7329 2
7330 1
7331 1
7333 4
7335 3
7336 2
7337 1
7338 1
7339 1
7341 2
7345 1
7346 1
7348 2
7349 1
7350 1
7351 2
7353 5
7354 2
7357 2
7358 2
7359 9
7360 1
7361 3
7362 1
7364 1
7365 1
7366 5
7368 3
7369 2
7370 2
7371 2
7372 12
7373 3
7375 3
7376 3
7377 3
7378 5
7379 4
7380 1
7381 1
7382 2
7383 2
7384 2
7386 1
7387 4
7388 1
7390 1
7392 1
7393 1
7394 1
7395 1
7397 1
7398 1
7400 2
7402 4
7403 2
7404 1
7405 1
7406 1
7409 1
7410 3
7412 3
7413 2
7415 2
7416 2
7417 2
7419 1
7423 1
7424 2
7425 2
7428 2
7429 1
7431 1
7434 2
7435 1
7436 3
7437 2
7438 2
7440 1
7444 8
7445 16
7447 1
7448 2
7450 4
7453 2
7455 2
7459 9
7460 1
7461 3
7464 2
7469 2
7471 1
7480 1
7481 13
7485 10
7486 2
7487 1
7488 4
7489 3
7492 1
7495 4
7498 2
7500 7
7502 1
7511 4
7514 1
7515 2
7518 2
7519 1
7522 2
7523 2
7524 1
7527 2
7532 2
7533 2
7534 1
7535 2
7540 1
7541 2
7543 4
7546 2
7548 1
7554 1
7555 2
7558 1
7561 4
7563 1
7566 4
7569 2
7570 2
7571 1
7577 2
7581 2
7583 1
7584 1
7588 1
7595 2
7600 49
7603 1
7607 2
7612 2
7613 2
7614 2
7620 1
7624 4
7627 2
7632 5
7633 1
7636 3
7642 5
7644 7
7646 3
7650 1
7651 5
7653 2
7658 2
7660 2
7661 2
7662 3
7663 1
7665 4
7666 2
7667 2
7668 1
7671 1
7672 2
7673 4
7674 5
7678 2
7679 2
7680 2
7682 2
7683 2
7685 2
7689 3
7690 1
7692 2
7695 4
7700 2
7701 1
7703 1
7707 2
7708 1
7709 2
7710 1
7713 1
7714 1
7715 2
7717 4
7718 3
7723 2
7729 2
7732 3
7740 2
7742 1
7744 2
7745 2
7746 1
7749 4
7750 1
7751 3
7753 2
7755 1
7758 3
7763 1
7766 2
7767 1
7773 2
7776 2
7777 14
7778 7
7779 6
7781 3
7782 3
7783 9
7784 2
7785 2
7786 7
7787 8
7788 16
7789 2
7790 2
7792 4
7794 2
7795 2
7796 9
7798 1
7800 2
7801 2
7802 4
7803 6
7804 21
7806 2
7807 11
7809 2
7814 4
7815 3
7816 18
7817 2
7818 7
7821 3
7822 11
7825 2
7826 2
7827 4
7830 2
7831 2
7832 1
7833 19
7834 1
7835 3
7836 9
7839 3
7843 2
7844 2
7845 2
7846 3
7847 2
7848 2
7849 4
7850 17
7852 4
7855 4
7856 2
7857 2
7858 4
7859 1
7860 1
7861 1
7862 11
7863 1
7865 2
7866 2
7867 2
7868 2
7870 2
7871 5
7872 26
7874 6
7875 2
7876 2
7878 4
7879 11
7880 2
7881 2
7884 2
7885 4
7886 2
7887 3
7888 2
7889 1
7890 4
7893 6
7894 10
7896 4
7900 1
7901 2
7902 2
7903 6
7906 4
7911 1
7912 1
7915 2
7916 10
7917 4
7919 10
7920 2
7922 4
7923 1
7924 2
7925 1
7929 5
7930 2
7931 2
7937 1
7938 2
7939 8
7940 4
7943 1
7946 2
7948 2
7951 8
7957 8
7958 9
7959 1
7962 3
7963 1
7964 3
7965 3
7969 1
7972 2
7975 1
7976 3
7977 11
7978 1
7980 2
7981 2
7982 1
7983 1
7984 2
7985 2
7986 5
7988 2
7989 2
7991 9
7993 4
7995 3
7997 8
7998 5
8002 3
8004 6
8006 3
8007 3
8009 1
8011 1
8012 1
8013 1
8015 4
8016 3
8021 3
8025 5
8029 1
8030 4
8032 1
8033 1
8034 4
8036 6
8037 1
8040 1
8041 1
8043 5
8045 1
8048 2
8050 1
8051 8
8052 2
8055 3
8056 2
8058 1
8060 1
8063 5
8065 4
8069 2
8072 12
8075 5
8080 7
8081 2
8082 2
8091 2
8093 2
8095 2
8096 1
8098 2
8099 2
8102 1
8106 2
8107 2
8111 2
8115 7
8121 2
8122 2
8124 3
8130 2
8136 4
8137 3
8138 1
8139 2
8140 3
8143 1
8146 1
8150 1
8155 2
8158 1
8160 2
8161 4
8163 2
8164 2
8167 2
8171 2
8177 2
8180 3
8182 2
8184 10
8185 1
8186 4
8189 2
8192 1
8193 2
8195 6
8200 2
8201 2
8209 2
8214 2
8215 5
8217 4
8227 2
8229 2
8230 1
8232 2
8234 1
8237 6
8238 2
8239 2
8241 2
8242 5
8245 1
8246 2
8250 2
8251 2
8255 2
8261 5
8268 2
8270 2
8277 3
8278 4
8283 4
8284 3
8287 2
8288 2
8293 21
8295 2
8297 2
8305 10
8307 4
8308 2
8309 2
8312 1
8313 3
8314 1
8317 4
8318 2
8322 13
8325 1
8326 1
8329 1
8332 5
8333 2
8334 3
8336 2
8337 1
8338 1
8339 10
8341 2
8342 5
8347 1
8348 2
8350 1
8351 1
8353 8
8354 2
8357 4
8359 2
8361 2
8362 2
8364 2
8365 1
8371 6
8372 2
8373 3
8374 1
8378 1
8379 1
8380 1
8381 1
8382 9
8385 4
8388 2
8389 3
8391 3
8392 3
8393 1
8399 2
8401 2
8402 1
8403 4
8404 1
8405 2
8406 1
8407 1
8408 4
8410 3
8411 4
8413 2
8416 2
8418 2
8419 1
8420 2
8421 2
8422 1
8423 2
8424 1
8425 2
8426 2
8428 2
8429 2
8431 4
8432 2
8434 1
8436 1
8438 1
8439 8
8444 2
8445 5
8446 1
8447 2
8450 2
8456 2
8460 2
8461 8
8471 1
8474 1
8476 2
8478 3
8480 2
8482 1
8483 11
8484 1
8486 2
8491 2
8496 3
8497 1
8500 1
8501 1
8503 2
8507 1
8512 1
8523 2
8524 2
8527 1
8539 4
8540 1
8551 4
8552 1
8558 2
8560 2
8564 2
8572 5
8575 1
8583 2
8590 1
8595 1
8596 2
8600 2
8601 3
8604 1
8605 2
8606 1
8610 1
8611 3
8613 1
8619 2
8622 3
8642 2
8643 2
8644 7
8648 1
8649 1
8653 2
8658 1
8665 2
8672 2
8675 1
8676 2
8681 1
8687 1
8688 3
8690 1
8700 1
8707 1
8708 1
8713 2
8721 2
8723 1
8728 1
8730 1
8736 1
8745 2
8748 1
8750 1
8751 2
8753 1
8754 1
8759 1
8763 1
8764 1
8770 1
8772 2
8775 2
8776 2
8778 2
8792 1
8795 2
8797 2
8804 1
8808 2
8809 2
8815 1
8829 5
8830 4
8832 2
8833 1
8836 2
8839 1
8842 3
8844 1
8848 2
8858 2
8871 2
8872 2
8873 2
8888 4
8896 3
8901 2
8905 8
8909 2
8913 1
8915 3
8918 7
8923 6
8925 3
8927 1
8932 1
8933 1
8934 4
8937 1
8938 1
8948 2
8954 2
8957 2
8958 2
8960 2
8965 1
8968 1
8970 2
8973 4
8989 1
8990 1
8991 2
8992 1
8993 2
8994 2
8996 1
9001 1
9007 2
9008 1
9009 1
9011 1
9013 1
9016 1
9017 1
9018 1
9020 3
9024 1
9027 1
9029 1
9037 1
9038 1
9039 2
9045 1
9046 2
9049 1
9051 2
9053 1
9054 1
9058 1
9061 1
9063 1
9068 1
9071 2
9075 2
9076 1
9077 2
9078 1
9080 3
9081 1
9092 2
9095 1
9098 1
9099 2
9107 1
9117 3
9120 1
9121 1
9124 1
9129 1
9132 1
9144 1
9145 1
9152 1
9159 1
9165 2
9170 1
9175 1
9181 2
9182 2
9188 1
9190 2
9191 2
9194 1
9201 1
9203 1
9204 2
9205 1
9215 1
9217 4
9222 2
9223 1
9233 3
9234 1
9236 1
9242 6
9244 2
9253 1
9261 1
9262 1
9265 1
9267 1
9269 2
9278 1
9279 1
9280 1
9282 2
9287 1
9288 1
9296 1
9304 1
9309 1
9319 1
9322 1
9324 2
9325 1
9336 1
9345 2
9355 1
9363 1
9364 1
9369 1
9371 1
9375 1
9379 1
9384 1
9389 1
9390 2
9391 1
9392 5
9395 3
9397 1
9400 3
9402 1
9403 2
9404 3
9408 1
9410 1
9411 1
9412 1
9413 1
9414 2
9417 2
9421 1
9431 1
9439 1
9441 1
9444 2
9449 3
9452 2
9453 1
9467 4
9470 1
9473 2
9475 2
9477 2
9482 3
9485 3
9488 1
9489 3
9492 1
9494 1
9498 2
9499 1
9501 1
9507 2
9509 3
9512 1
9513 3
9514 1
9516 1
9517 1
9518 1
9528 1
9531 2
9539 2
9545 2
9546 3
9550 3
9554 2
9560 2
9561 5
9563 2
9567 3
9571 2
9573 1
9577 1
9578 1
9579 1
9589 2
9591 1
9600 1
9605 3
9606 1
9609 1
9610 1
9613 1
9618 1
9619 1
9620 2
9621 1
9622 2
9625 2
9634 2
9636 1
9637 1
9639 4
9643 4
9645 2
9647 1
9649 1
9651 6
9653 2
9657 1
9659 1
9662 1
9665 6
9666 1
9669 2
9670 1
9671 3
9674 4
9677 1
9678 2
9679 1
9681 3
9682 2
9685 2
9688 1
9689 1
9696 5
9697 3
9698 3
9699 4
9700 1
9703 1
9704 1
9707 2
9711 1
9713 1
9715 1
9716 2
9728 1
9729 1
9730 1
9733 3
9735 1
9737 1
9741 1
9742 2
9743 2
9744 5
9747 1
9753 3
9755 1
9756 11
9757 1
9758 4
9759 2
9761 1
9764 1
9766 2
9767 1
9769 1
9771 1
9773 2
9774 3
9776 1
9777 2
9779 3
9781 1
9785 2
9786 2
9787 1
9789 6
9790 2
9793 3
9794 1
9796 1
9802 1
9803 6
9804 1
9806 3
9807 1
9810 2
9812 1
9815 2
9816 3
9817 2
9823 2
9825 2
9826 2
9827 3
9830 1
9831 1
9832 2
9835 7
9836 2
9837 1
9839 2
9841 1
9842 3
9843 1
9845 1
9848 3
9849 2
9850 2
9852 2
9854 1
9858 3
9862 4
9863 9
9864 1
9865 2
9868 2
9874 2
9878 1
9880 1
9882 2
9885 1
9886 1
9887 2
9889 1
9892 1
9893 1
9895 3
9896 3
9901 2
9905 1
9906 2
9907 5
9909 2
9910 6
9913 2
9914 1
9915 1
9918 2
9920 1
9924 5
9925 2
9927 2
9930 2
9933 4
9934 2
9936 1
9938 1
9939 2
9941 1
9942 4
9946 1
9949 2
9952 1
9953 2
9954 1
9955 4
9956 2
9957 2
9958 1
9965 3
9969 1
9971 2
9972 1
9973 2
9974 2
9976 2
9979 2
9980 2
9985 1
9990 1
9991 1
9994 1
9995 1
9998 2
10000 1
10006 2
10007 1
10008 4
10009 2
10010 2
10012 1
10013 2
10014 1
10016 4
10017 1
10018 1
10021 2
10024 1
10025 21
10026 1
10027 4
10028 2
10030 1
10031 1
10033 4
10034 2
10035 1
10036 1
10037 2
10039 1
10040 4
10043 3
10044 1
10048 1
10052 2
10054 1
10063 1
10064 2
10068 1
10069 2
10070 2
10072 2
10073 1
10075 2
10077 1
10079 2
10080 1
10081 1
10083 2
10087 5
10089 3
10090 1
10091 3
10094 3
10095 1
10096 1
10098 2
10099 1
10100 2
10101 2
10105 1
10107 3
10108 2
10109 1
10110 1
10114 1
10115 2
10116 2
10118 4
10120 1
10123 1
10124 3
10129 1
10131 1
10133 2
10134 1
10135 1
10138 4
10140 2
10146 4
10151 1
10153 1
10154 1
10156 5
10158 1
10159 5
10160 3
10161 1
10162 1
10164 2
10166 1
10169 1
10170 1
10173 1
10174 2
10175 3
10176 2
10177 5
10178 1
10179 1
10180 1
10182 2
10184 1
10187 2
10188 1
10190 2
10191 1
10192 3
10193 2
10194 3
10196 1
10199 2
10200 1
10201 3
10202 2
10205 1
10206 1
10207 3
10208 2
10209 1
10210 2
10211 4
10212 1
10213 2
10215 1
10216 1
10217 6
10218 4
10219 2
10220 1
10221 1
10224 2
10225 1
10231 1
10232 1
10233 1
10236 1
10238 2
10241 2
10242 2
10243 2
10245 3
10246 2
10248 1
10249 1
10250 10
10252 1
10257 4
10258 1
10261 1
10264 1
10265 3
10266 1
10268 5
10269 2
10273 3
10274 1
10275 1
10278 2
10279 1
10281 3
10282 1
10283 1
10284 2
10285 4
10286 1
10287 1
10288 2
10290 2
10295 3
10296 1
10299 1
10302 1
10303 2
10305 1
10308 1
10309 1
10314 2
10316 5
10319 1
10330 3
10331 5
10332 3
10335 2
10336 1
10338 1
10340 1
10342 3
10345 1
10346 1
10347 2
10348 2
10349 1
10353 2
10360 3
10363 1
10367 2
10371 1
10373 1
10374 1
10377 1
10382 3
10384 1
10386 4
10387 1
10388 1
10389 1
10390 2
10391 1
10393 2
10394 1
10399 2
10400 1
10402 3
10403 2
10404 2
10406 2
10408 1
10410 3
10411 1
10413 4
10419 2
10420 1
10422 1
10428 2
10430 3
10432 10
10433 2
10434 2
10435 1
10437 1
10441 3
10444 5
10445 1
10447 1
10448 4
10449 2
10460 3
10461 1
10462 1
10464 1
10465 2
10466 2
10467 1
10470 1
10475 1
10480 2
10484 2
10485 1
10487 1
10488 1
10489 2
10490 1
10496 1
10498 4
10501 1
10505 1
10506 2
10509 1
10510 1
10511 1
10512 1
10513 6
10514 1
10516 1
10520 1
10522 2
10526 2
10527 1
10530 3
10533 1
10534 3
10536 1
10537 1
10539 1
10542 2
10543 1
10545 1
10546 1
10550 1
10551 1
10552 1
10556 3
10557 2
10559 1
10560 1
10563 2
10567 5
10569 1
10570 1
10572 2
10573 3
10574 4
10575 1
10576 1
10577 1
10579 1
10581 1
10582 4
10586 1
10588 2
10593 2
10597 1
10598 2
10600 1
10601 1
10602 1
10603 1
10605 2
10610 2
10611 3
10612 5
10616 1
10623 2
10624 3
10625 1
10627 3
10635 1
10636 1
10637 1
10639 3
10642 2
10643 4
10647 3
10648 1
10652 1
10657 2
10661 1
10663 1
10664 2
10665 1
10668 1
10669 2
10672 2
10678 3
10680 1
10684 1
10691 1
10693 1
10697 3
10698 2
10701 3
10703 1
10704 3
10705 2
10706 1
10710 1
10712 1
10714 5
10716 5
10717 1
10718 1
10726 2
10732 1
10735 1
10736 2
10737 2
10738 3
10739 1
10742 1
10743 1
10745 1
10749 2
10751 4
10752 2
10753 1
10754 1
10756 3
10759 1
10764 1
10767 1
10768 2
10770 5
10779 2
10780 1
10781 1
10783 3
10788 1
10792 4
10797 2
10802 1
10804 4
10815 5
10816 8
10817 1
10821 2
10832 1
10833 5
10834 3
10835 1
10838 1
10839 1
10840 1
10841 1
10842 1
10843 1
10846 1
10848 1
10853 1
10854 2
10857 1
10859 1
10860 1
10863 3
10864 1
10866 1
10869 1
10875 1
10879 3
10881 2
10887 1
10889 1
10890 1
10891 1
10893 4
10894 1
10898 2
10903 1
10904 1
10905 1
10906 2
10907 1
10908 1
10910 1
10915 3
10916 1
10917 3
10918 1
10921 1
10923 2
10924 1
10926 1
10930 1
10932 1
10933 1
10935 2
10937 1
10939 1
10943 1
10944 1
10945 4
10946 2
10949 2
10952 4
10959 1
10962 1
10968 2
10969 1
10970 2
10971 3
10972 2
10973 5
10974 6
10976 2
10979 3
10981 2
10983 1
10986 2
10988 1
10992 2
10995 1
10996 2
10997 1
10998 1
10999 5
11000 2
11001 1
11002 1
11003 3
11005 3
11006 1
11007 2
11010 1
11011 1
11014 1
11015 5
11028 1
11030 1
11032 4
11033 2
11034 4
11036 3
11037 3
11043 1
11044 5
11045 1
11047 3
11051 3
11056 1
11060 2
11068 2
11070 5
11071 2
11076 2
11077 2
11078 1
11081 2
11086 1
11093 1
11095 2
11098 1
11099 2
11100 2
11102 3
11107 14
11115 1
11118 1
11119 2
11120 1
11124 1
11125 1
11135 4
11138 2
11141 1
11142 1
11143 1
11147 1
11155 3
11157 1
11159 1
11163 2
11168 1
11170 1
11174 2
11177 1
11178 1
11179 1
11184 2
11185 1
11188 2
11189 2
11195 1
11196 1
11197 1
11199 1
11204 1
11205 2
11206 1
11211 1
11212 1
11216 2
11218 2
11219 1
11232 2
11235 1
11241 1
11243 5
11245 2
11248 1
11250 2
11257 3
11259 7
11263 2
11268 4
11269 2
11270 2
11271 1
11277 1
11282 1
11283 2
11284 3
11285 2
11287 2
11289 1
11291 2
11292 1
11293 1
11294 2
11295 1
11300 1
11302 2
11303 1
11304 4
11308 1
11310 2
11314 2
11315 1
11317 2
11319 2
11323 3
11324 1
11325 1
11328 2
11334 2
11339 1
11343 2
11344 2
11346 1
11354 5
11355 2
11358 1
11360 2
11361 1
11362 1
11363 1
11364 1
11373 1
11375 2
11377 1
11379 2
11380 4
11381 2
11382 1
11384 1
11392 1
11394 4
11410 2
11412 1
11415 1
11419 1
11421 3
11422 1
11423 2
11425 1
11426 4
11427 1
11429 1
11431 3
11432 5
11433 1
11438 1
11439 1
11440 4
11443 1
11449 2
11451 1
11455 1
11458 2
11459 1
11460 1
11464 2
11467 1
11470 1
11472 2
11474 4
11479 1
11485 2
11486 3
11493 4
11494 2
11495 3
11501 1
11502 2
11504 2
11510 2
11511 2
11518 1
11520 2
11524 1
11527 1
11528 1
11529 1
11530 2
11532 2
11544 3
11553 1
11554 3
11555 2
11562 1
11563 2
11564 1
11565 1
11567 3
11568 6
11569 1
11571 1
11574 1
11580 1
11581 3
11583 3
11587 1
11590 5
11594 3
11596 1
11597 2
11603 3
11607 3
11610 1
11613 4
11615 1
11623 3
11625 1
11632 1
11633 1
11634 3
11636 4
11637 1
11640 1
11642 6
11643 1
11644 3
11647 4
11650 1
11653 4
11658 1
11661 3
11662 3
11665 3
11672 1
11676 1
11686 2
11687 1
11690 2
11691 1
11692 3
11695 2
11701 2
11707 1
11717 2
11719 1
11720 1
11731 3
11732 3
11735 1
11736 1
11737 1
11739 2
11743 1
11750 2
11755 1
11756 1
11757 1
11758 1
11762 3
11766 1
11768 2
11770 2
11771 2
11772 1
11776 3
11779 2
11782 2
11785 2
11786 1
11790 1
11792 1
11795 1
11796 1
11799 1
11801 1
11803 1
11806 1
11809 2
11810 2
11811 2
11814 2
11815 2
11816 2
11818 1
11821 1
11823 1
11829 2
11830 2
11831 4
11832 1
11834 5
11835 2
11840 1
11841 1
11842 1
11843 3
11844 2
11847 1
11848 1
11851 5
11852 2
11853 2
11856 1
11857 1
11861 1
11864 3
11865 2
11866 1
11874 4
11875 1
11878 1
11879 2
11881 1
11885 1
11886 1
11888 3
11890 1
11895 4
11901 1
11902 1
11908 1
11917 1
11919 1
11930 1
11932 3
11933 1
11938 2
11940 1
11947 3
11948 1
11950 1
11954 1
11957 2
11959 1
11961 1
11963 1
11967 3
11968 1
11972 1
11974 1
11976 2
11980 1
11986 1
11987 1
11991 1
11995 1
11997 2
12000 1
12001 1
12005 1
12006 2
12009 1
12017 4
12026 5
12028 1
12033 3
12037 3
12042 2
12043 1
12045 1
12054 1
12055 3
12056 1
12060 2
12061 2
12072 1
12073 2
12074 1
12084 2
12088 1
12089 2
12094 1
12096 1
12098 1
12099 3
12102 1
12108 1
12109 2
12115 1
12117 2
12121 1
12128 9
12129 5
12132 2
12134 2
12137 3
12138 2
12140 3
12141 3
12142 1
12146 3
12151 2
12157 1
12161 2
12163 3
12170 2
12172 2
12173 1
12174 2
12176 1
12184 1
12186 1
12188 4
12192 2
12195 2
12196 3
12197 1
12199 2
12200 2
12201 2
12202 1
12203 1
12204 1
12206 2
12208 2
12211 3
12214 1
12215 3
12226 1
12229 1
12230 1
12237 1
12239 10
12241 1
12243 3
12246 1
12254 1
12255 1
12258 3
12260 27
12264 1
12268 3
12278 1
12285 1
12286 1
12289 1
12294 1
12307 1
12313 1
12314 3
12316 5
12317 1
12325 3
12329 1
12330 1
12331 2
12332 1
12333 1
12339 2
12342 6
12351 1
12353 1
12354 2
12355 1
12356 1
12359 2
12361 1
12363 1
12365 2
12368 3
12372 1
12375 1
12376 1
12377 1
12378 1
12379 1
12380 1
12383 1
12385 1
12388 1
12390 2
12395 2
12396 2
12398 4
12399 2
12400 1
12405 1
12407 3
12409 1
12417 2
12420 3
12421 1
12422 1
12423 1
12427 1
12431 2
12434 2
12447 2
12448 1
12449 3
12455 1
12457 1
12460 3
12464 1
12466 1
12473 2
12485 1
12492 1
12494 1
12495 1
12498 3
12499 1
12506 1
12509 1
12510 1
12512 1
12518 2
12520 1
12523 1
12525 1
12529 1
12531 1
12536 3
12539 1
12545 1
12548 7
12560 1
12563 1
12564 1
12568 1
12577 2
12578 1
12579 1
12580 1
12581 1
12586 1
12590 1
12591 2
12592 2
12595 1
12598 1
12602 1
12603 1
12604 2
12613 1
12614 2
12622 1
12626 1
12629 1
12630 1
12631 3
12634 1
12635 3
12636 2
12651 3
12652 2
12669 1
12676 1
12681 3
12682 1
12693 3
12694 1
12697 2
12702 2
12705 1
12707 9
12712 2
12714 1
12721 1
12725 1
12727 1
12729 1
12731 2
12733 5
12742 1
12744 1
12748 1
12749 1
12750 1
12762 2
12763 1
12767 4
12769 1
12770 3
12777 2
12778 1
12781 1
12786 2
12788 1
12797 1
12798 1
12800 1
12801 1
12810 1
12812 2
12814 1
12815 1
12817 1
12818 1
12820 2
12828 1
12832 1
12833 1
12836 2
12839 1
12840 2
12842 1
12843 1
12857 1
12858 2
12861 1
12867 1
12869 2
12870 2
12871 1
12872 2
12874 3
12876 1
12887 1
12889 1
12891 1
12894 1
12895 1
12896 1
12901 1
12902 1
12904 1
12905 3
12912 1
12913 1
12918 1
12921 1
12922 3
12926 1
12931 1
12936 1
12937 1
12945 1
12954 2
12970 1
12972 1
12974 1
12976 1
12983 2
12988 3
12990 1
12992 2
12997 2
12998 1
13014 1
13015 1
13017 1
13019 1
13025 2
13029 1
13030 1
13036 1
13038 1
13048 2
13062 1
13063 1
13066 3
13084 1
13088 1
13093 1
13099 2
13109 4
13111 3
13126 1
13136 1
13139 1
13142 2
13147 2
13154 2
13155 2
13158 1
13160 1
13167 3
13168 1
13171 2
13176 1
13178 1
13181 1
13188 4
13200 3
13203 1
13204 1
13205 1
13217 2
13219 5
13223 1
13228 1
13232 1
13235 1
13246 1
13248 1
13250 3
13257 1
13270 1
13272 3
13278 4
13279 2
13284 1
13290 1
13299 1
13303 1
13305 1
13306 1
13311 2
13326 3
13336 4
13375 2
13376 1
13377 1
13385 2
13392 2
13405 1
13419 3
13427 2
13448 1
13461 1
13464 3
13470 1
13481 1
13493 1
13502 1
13509 1
13512 7
13533 1
13558 2
13590 1
13601 2
13607 1
13626 1
13648 1
13649 1
13662 1
13676 2
13702 1
13715 2
13718 2
13720 2
13725 2
13728 1
13736 1
13747 1
13748 2
13810 2
13812 2
13813 3
13834 1
13850 5
13854 2
13855 2
13868 1
13880 2
13881 1
13883 1
13901 2
13914 1
13924 1
13930 2
13938 1
13941 2
13962 1
13975 2
14043 2
14045 1
14116 1
14117 1
14127 2
14144 1
14182 5
14189 2
14201 1
14204 1
14251 1
14253 1
14269 3
14272 1
14305 2
14341 2
14345 3
14351 1
14368 2
14390 2
14416 1
14430 1
14445 2
14465 2
14499 1
14501 2
14542 2
14543 1
14544 3
14557 2
14565 2
14576 2
14578 2
14584 2
14589 2
14601 2
14612 2
14619 3
14622 2
14623 1
14641 2
14642 2
14644 1
14655 1
14691 1
14710 1
14734 1
14812 2
14819 2
14831 2
14833 1
14899 2
14902 2
14904 3
14909 2
14920 1
14924 2
14934 1
14937 1
14939 2
14950 1
14955 1
14960 3
14968 2
14971 2
14988 1
14990 1
14991 3
14992 1
14995 3
15022 2
15024 2
15032 2
15094 2
15156 2
15179 4
15225 1
15259 2
15275 3
15319 1
15342 2
15356 2
15366 2
15393 4
15397 2
15406 1
15430 2
15440 1
15457 5
15458 2
15462 1
15470 1
15487 1
15488 1
15492 2
15544 2
15550 3
15564 1
15598 2
15603 1
15673 2
15705 1
15724 1
15726 2
15738 4
15740 2
15749 3
15752 2
15754 2
15782 1
15802 2
15812 2
15820 2
15821 2
15822 2
15855 2
15861 2
15953 1
15961 2
15963 4
15979 2
15980 1
15995 2
16018 1
16044 2
16046 2
16050 1
16060 2
16061 2
16077 2
16081 1
16092 2
16136 2
16141 2
16162 2
16167 1
16186 4
16202 2
16220 2
16225 2
16239 2
16249 2
16259 4
16268 2
16273 2
16282 1
16293 1
16306 4
16323 2
16349 2
16359 1
16361 3
16366 1
16371 4
16405 2
16413 2
16419 1
16443 2
16461 1
16472 2
16486 1
16489 1
16506 1
16511 2
16512 4
16539 2
16552 2
16553 3
16560 1
16574 1
16579 2
16596 1
16602 2
16606 2
16627 2
16645 4
16646 2
16673 2
16680 2
16719 2
16720 2
16778 4
16779 1
16786 3
16792 2
16802 1
16810 1
16833 1
16842 1
16852 3
16865 2
16881 2
16898 2
16902 2
16906 1
16914 1
16923 2
16936 1
16960 3
16988 4
16996 2
16997 2
17026 5
17035 1
17036 2
17046 2
17055 1
17056 1
17057 2
17058 2
17073 2
17092 2
17101 4
17102 2
17108 4
17109 3
17134 2
17144 1
17153 4
17154 4
17177 2
17209 3
17216 4
17223 2
17231 2
17276 2
17283 1
17291 2
17308 3
17320 2
17331 9
17345 2
17361 2
17376 1
17377 2
17403 2
17406 2
17456 2
17465 1
17481 1
17507 1
17517 2
17532 1
17573 3
17575 2
17588 1
17597 3
17616 2
17619 1
17653 2
17662 2
17671 1
17687 3
17697 1
17719 2
17721 2
17722 2
17723 1
17737 1
17739 1
17742 6
17756 1
17776 2
17780 3
17791 1
17798 1
17817 2
17818 1
17819 1
17827 2
17830 2
17831 2
17840 2
17848 2
17856 4
17858 1
17864 1
17869 1
17894 2
17895 2
17901 1
17915 2
17945 2
17949 2
17950 1
17968 1
17983 1
17986 2
18019 2
18031 2
18099 1
18102 2
18104 2
18112 1
18114 1
18119 2
18132 1
18140 2
18144 3
18147 2
18158 2
18194 1
18197 2
18214 3
18216 3
18255 6
18279 4
18288 2
18290 1
18295 2
18311 2
18314 2
18343 1
18344 1
18352 2
18361 2
18374 1
18402 2
18403 1
18424 2
18427 1
18453 4
18458 1
18462 2
18491 1
18494 2
18507 2
18530 2
18539 2
18546 2
18550 1
18559 1
18591 2
18598 1
18605 2
18611 1
18613 2
18616 3
18623 2
18644 2
18647 1
18648 2
18660 1
18680 1
18688 2
18701 2
18704 2
18719 2
18728 4
18742 1
18765 2
18797 2
18814 2
18815 2
18821 2
18824 2
18844 2
18847 2
18849 2
18852 1
18881 2
18889 2
18909 2
18912 2
18913 2
18932 2
18967 1
19010 2
19077 2
19087 1
19103 2
19113 2
19118 1
19119 4
19126 1
19133 1
19152 1
19165 2
19168 1
19180 2
19185 2
19187 2
19203 2
19215 2
19225 2
19228 1
19232 2
19247 2
19264 1
19267 2
19286 3
19310 2
19322 2
19327 2
19328 1
19329 2
19356 1
19362 2
19364 2
19383 1
19388 1
19390 1
19406 1
19426 1
19493 1
19499 1
19501 2
19533 2
19613 2
19618 2
19635 2
19658 2
19684 3
19728 1
19735 2
19774 2
19777 2
19795 2
19797 2
19802 1
19822 1
19825 2
19841 2
19852 1
19854 4
19874 1
19879 1
19909 2
19927 1
19936 2
19939 2
19952 2
19961 2
19967 2
19991 2
20001 2
20041 1
20061 2
20083 2
20092 1
20101 1
20106 2
20165 2
20182 2
20189 2
20191 1
20222 2
20243 2
20265 2
20300 4
20318 2
20336 2
20341 2
20360 2
20364 6
20367 2
20391 2
20407 2
20409 4
20447 2
20462 2
20542 10
20569 2
20581 2
20588 7
20598 2
20629 2
20634 1
20658 1
20665 1
20734 2
20753 2
20768 2
20781 2
20785 2
20803 2
20819 2
20824 2
20844 4
20864 2
20961 2
20964 2
20997 2
20998 1
21028 2
21046 2
21056 1
21079 2
21120 1
21151 2
21165 2
21170 2
21180 1
21221 2
21225 2
21271 2
21274 2
21298 2
21304 2
21344 2
21363 2
21436 2
21489 2
21491 2
21494 1
21502 1
21517 2
21568 2
21577 1
21599 2
21668 2
21694 2
21702 1
21704 3
21713 2
21759 2
21762 2
21828 2
21838 2
21867 1
21898 4
21921 1
21965 2
21974 1
21991 2
22014 2
22015 1
22030 2
22035 2
22045 2
22054 2
22070 2
22093 2
22103 2
22115 3
22148 1
22152 2
22154 3
22156 2
22189 2
22203 2
22210 2
22223 2
22239 1
22273 3
22289 1
22307 2
22340 1
22363 2
22392 2
22411 2
22442 1
22447 2
22477 2
22481 2
22560 2
22566 1
22571 4
22607 1
22635 2
22651 2
22690 2
22701 2
22727 1
22757 1
22761 1
22800 4
22805 2
22812 2
22816 1
22836 1
22850 2
22877 2
22906 2
22923 2
22957 1
22981 1
22989 2
23031 3
23060 2
23065 2
23076 2
23135 2
23140 2
23145 2
23279 2
23289 1
23312 2
23348 2
23377 2
23395 2
23435 1
23463 2
23476 2
23527 2
23541 14
23552 1
23607 2
23698 2
23726 1
23766 4
23806 2
23822 3
23834 2
23871 2
23920 2
23921 1
23943 2
23959 1
23978 2
23979 3
24000 2
24027 1
24044 1
24060 1
24083 2
24096 1
24105 4
24115 2
24119 2
24145 2
24146 2
24154 2
24165 3
24186 2
24210 1
24250 4
24254 2
24285 2
24286 2
24302 1
24343 1
24351 2
24360 2
24372 2
24382 2
24389 2
24403 2
24416 2
24463 2
24501 2
24508 1
24541 1
24573 2
24595 2
24600 2
24615 2
24617 1
24674 2
24768 1
24777 1
24798 2
24834 2
24848 1
24849 2
24909 2
24924 1
25023 2
25069 3
25107 2
25130 1
25143 2
25150 2
25208 2
25215 2
25226 1
25243 2
25270 2
25290 2
25306 2
25357 2
25367 3
25473 1
25484 2
25490 5
25516 2
25542 2
25570 2
25604 7
25619 1
25629 2
25643 2
25650 1
25675 2
25692 1
25696 2
25743 2
25745 2
25756 2
25774 4
25775 2
25799 4
25829 5
25850 2
25855 2
25870 2
25882 3
25893 2
25895 2
25912 2
25916 2
25952 2
25963 1
25967 2
25989 2
26007 2
26010 1
26036 2
26040 2
26063 2
26066 2
26080 2
26094 1
26113 2
26114 2
26161 2
26163 2
26226 2
26250 2
26259 2
26283 4
26285 2
26288 2
26319 2
26345 1
26372 2
26421 1
26447 2
26455 2
26461 1
26466 2
26515 1
26542 2
26553 2
26579 2
26598 2
26629 2
26633 2
26641 1
26667 2
26688 2
26689 2
26692 1
26708 2
26711 2
26727 2
26765 2
26790 2
26824 1
26838 1
26878 2
26882 2
26929 1
26954 2
26969 2
26995 2
27002 2
27050 2
27070 2
27096 2
27097 1
27196 5
27232 2
27251 2
27269 2
27296 2
27310 2
27319 2
27351 2
27356 2
27358 1
27364 2
27382 1
27387 2
27411 3
27447 4
27449 2
27489 2
27499 1
27532 2
27586 2
27592 3
27650 2
27668 1
27686 2
27687 2
27698 1
27747 1
27748 2
27771 1
27800 2
27830 1
27867 2
27893 1
27915 1
27928 2
27929 2
27982 2
27998 1
28017 2
28020 2
28029 1
28043 2
28047 1
28065 2
28068 2
28074 2
28099 2
28104 1
28184 2
28189 4
28207 2
28209 1
28218 2
28238 1
28242 3
28251 1
28270 2
28272 2
28333 2
28351 1
28358 2
28367 2
28369 2
28380 2
28420 2
28430 2
28529 2
28549 2
28589 2
28617 2
28621 2
28625 2
28684 2
28704 1
28705 2
28742 2
28746 2
28759 2
28784 2
28806 2
28826 1
28827 1
28828 2
28830 2
28871 2
28880 2
28886 2
28907 2
28913 1
28926 1
28946 2
28959 1
28987 2
29017 2
29035 2
29044 3
29059 1
29123 4
29139 1
29149 2
29168 2
29210 2
29220 2
29230 1
29239 1
29241 2
29271 1
29282 1
29285 2
29367 2
29378 2
29406 2
29426 2
29499 1
29518 5
29544 1
29545 2
29565 2
29576 2
29605 2
29612 2
29613 1
29634 3
29663 2
29677 1
29679 3
29680 2
29683 2
29712 1
29715 4
29765 1
29793 2
29799 1
29802 2
29865 2
29902 1
29914 2
29940 1
29946 2
29973 2
29988 2
29994 2
30027 2
30041 2
30048 2
30060 2
30078 2
30085 1
30099 2
30163 2
30170 2
30185 3
30240 2
30263 1
30291 1
30347 1
30354 2
30357 2
30363 2
30383 2
30404 1
30407 1
30414 2
30462 1
30491 2
30493 2
30504 2
30506 4
30515 2
30536 1
30554 2
30572 2
30615 1
30618 4
30654 2
30707 2
30759 2
30812 2
30827 2
30860 3
30882 3
30895 2
30909 1
30913 2
30921 2
30941 1
30965 1
30969 2
31007 2
31008 2
31030 2
31039 2
31040 1
31066 2
31124 2
31144 2
31147 2
31154 2
31161 2
31238 2
31271 2
31290 1
31293 2
31367 2
31410 2
31417 1
31438 2
31441 2
31447 2
31455 2
31484 1
31520 2
31521 2
31522 1
31551 2
31571 2
31572 2
31607 2
31644 2
31652 2
31658 1
31660 2
31699 2
31700 2
31704 2
31757 3
31766 1
31780 1
31791 1
31809 1
31854 1
31937 2
31940 1
31956 1
31959 2
31964 3
31983 1
31998 1
32018 2
32052 4
32074 2
32131 2
32167 2
32181 2
32195 1
32197 6
32253 1
32268 1
32281 2
32303 77
32376 2
32400 2
32482 8
32670 2
33341 1
33432 1
33461 1
33520 3
33521 2
33571 1
33573 2
33609 2
33616 1
33632 6
33644 1
33654 2
33661 4
33687 2
33720 2
33721 1
33727 1
33740 2
33742 1
33745 2
33790 2
33804 2
33829 2
34030 1
34130 2
34286 1
34339 2
34351 2
34376 2
34377 1
34395 2
34397 2
34410 2
34427 2
34431 2
34450 2
34453 1
34478 2
34489 1
34493 1
34537 2
34550 2
34571 1
34596 1
34602 2
34632 1
34644 2
34653 2
34679 2
34717 2
34721 3
34773 2
34864 1
34891 2
34905 2
34912 2
34962 6
34981 1
34996 2
35053 2
35090 1
35096 2
35105 2
35111 2
35170 2
35220 2
35228 1
35229 2
35285 2
35314 4
35329 2
35443 2
35452 2
35501 1
35555 2
35562 2
35598 2
35609 2
35641 3
35642 2
35645 1
35666 3
35734 2
35761 1
35785 2
35803 2
35805 2
35809 2
35822 2
35848 2
35879 2
35881 1
35883 2
35940 2
35965 2
36015 2
36016 4
36026 5
36030 2
36043 2
36090 1
36102 2
36120 2
36126 3
36131 1
36136 2
36142 1
36156 1
36194 3
36241 2
36277 1
36310 1
36353 2
36374 2
36399 1
36404 2
36414 2
36423 1
36469 2
36470 1
36475 2
36482 1
36501 2
36504 1
36508 2
36552 2
36559 1
36584 3
36616 2
36708 2
36752 2
36781 2
36794 2
36820 1
36855 1
36901 2
36971 1
36972 1
36973 2
36976 2
37032 2
37044 2
37074 3
37088 2
37124 2
37171 1
37189 1
37193 2
37208 2
37215 2
37242 1
37294 2
37350 2
37361 2
37377 2
37394 1
37416 2
37427 2
37437 1
37468 2
37519 2
37563 2
37573 1
37591 1
37594 1
37632 1
37639 1
37667 2
37711 2
37729 2
37736 3
37741 12
37756 2
37784 2
37797 1
37799 1
37803 1
37806 4
37831 1
37862 1
37878 1
37908 1
37916 3
37985 4
37994 2
38015 1
38027 1
38051 1
38108 1
38141 1
38153 2
38160 1
38163 1
38168 1
38170 3
38239 2
38245 1
38255 1
38321 2
38332 1
38360 1
38382 1
38389 2
38408 1
38410 3
38427 2
38429 1
38460 1
38494 1
38547 1
38594 1
38608 2
38642 1
38699 1
38728 2
38785 1
38790 1
38805 1
38808 2
38903 1
38913 1
38927 1
38957 1
39010 1
39038 1
39058 2
39072 1
39172 1
39197 1
39216 1
39234 1
39319 2
39320 2
39338 1
39381 1
39391 1
39438 1
39466 1
39496 1
39546 2
39637 1
39646 1
39683 1
39725 1
39763 4
39843 2
39870 2
39878 2
39899 1
39905 4
39981 2
40024 2
40090 1
40176 4
40262 1
40285 2
40290 2
40305 2
40336 2
40423 2
40449 2
40451 1
40511 2
40537 2
40545 2
40549 2
40550 2
40576 4
40591 4
40607 2
40633 1
40683 4
40745 2
40773 1
40780 2
40787 2
40828 2
40842 2
40888 2
40919 2
40926 2
40932 2
40958 2
40982 2
40997 2
41033 2
41037 2
41062 2
41082 2
41103 2
41109 2
41128 2
41204 2
41211 2
41232 2
41269 2
41273 6
41284 4
41327 2
41349 1
41394 1
41401 2
41402 2
41412 2
41431 1
41491 2
41499 2
41541 1
41565 1
41571 2
41590 2
41593 1
41594 2
41641 1
41643 2
41732 1
41762 1
41775 1
41804 1
41867 1
41905 1
42020 1
42031 1
42041 2
42059 1
42125 1
42148 1
42182 1
42206 1
42211 1
42228 1
42232 1
42251 1
42269 1
42286 1
42325 2
42326 1
42357 1
42361 1
42362 2
42421 2
42428 1
42449 1
42495 1
42515 1
42574 1
42599 1
42633 1
42644 1
42645 1
42677 1
42745 1
42782 1
42822 1
42888 1
42918 2
42923 1
42999 1
43044 2
43058 2
43084 2
43118 4
43133 2
43150 1
43163 2
43166 2
43203 1
43212 2
43270 1
43303 1
43324 2
43343 1
43360 2
43373 3
43398 2
43448 2
43467 2
43480 2
43486 4
43505 3
43510 1
43521 2
43539 2
43544 2
43568 3
43575 2
43592 3
43599 2
43601 1
43613 2
43615 1
43650 2
43696 2
43706 2
43707 2
43725 2
43729 1
43733 2
43741 1
43778 1
43850 2
43885 1
43913 2
43924 2
43930 4
43931 2
44038 2
44064 1
44083 6
44114 1
44123 2
44175 2
44183 1
44187 2
44215 2
44217 2
44223 2
44236 2
44265 2
44279 2
44303 2
44330 2
44334 2
44340 1
44350 2
44374 1
44521 4
44571 2
44657 2
44757 3
44762 2
44842 2
44849 1
44878 2
44896 2
44928 8
44960 2
44973 5
44985 2
45028 2
45054 2
45064 2
45071 2
45077 6
45097 2
45105 6
45157 2
45158 2
45173 2
45216 2
45221 2
45227 1
45236 2
45257 2
45313 2
45326 1
45354 1
45426 2
45458 2
45471 2
45507 2
45527 2
45566 2
45611 2
45646 1
45671 1
45682 2
45689 2
45705 2
45717 2
45728 1
45742 2
45771 2
45806 2
45817 1
45823 1
45830 2
45863 3
45868 2
45890 2
45892 2
45909 2
45914 2
45929 4
45975 2
46074 2
46087 2
46118 2
46122 2
46168 2
46178 1
46181 2
46228 2
46287 2
46298 2
46314 2
46355 2
46381 1
46388 2
46399 2
46402 2
46409 4
46418 2
46440 2
46442 2
46453 2
46456 1
46499 2
46536 2
46541 2
46563 2
46573 1
46580 2
46595 2
46599 2
46601 1
46608 2
46626 2
46638 2
46643 2
46654 2
46675 2
46713 1
46741 1
46764 1
46771 2
46787 2
46790 1
46817 1
46848 1
46853 2
46875 4
46897 1
46902 1
46926 1
46937 2
46938 2
46955 2
46989 2
47007 2
47011 2
47033 1
47042 6
47049 2
47050 1
47068 2
47071 2
47087 2
47092 2
47102 1
47104 2
47118 2
47128 2
47129 2
47143 2
47149 2
47153 2
47179 2
47183 2
47200 2
47215 4
47217 2
47232 2
47252 2
47307 1
47310 2
47312 1
47317 1
47327 1
47346 2
47347 2
47352 2
47359 2
47363 2
47376 2
47382 2
47396 2
47402 2
47405 2
47450 1
47454 1
47457 1
47459 1
47464 2
47475 1
47479 1
47608 2
47611 4
47613 2
47636 2
47642 4
47647 2
47665 2
47685 1
47689 2
47697 2
47698 2
47710 2
47741 2
47764 2
47784 2
47788 4
47856 4
47861 2
47906 1
47907 1
47912 2
47950 2
47959 2
47977 2
47990 2
47997 2
47999 2
48009 2
48020 2
48024 1
48035 4
48047 1
48055 1
48070 1
48077 1
48092 2
48096 1
48131 2
48154 4
48155 1
48192 1
48200 1
48230 2
48235 1
48311 1
48338 1
48355 2
48372 2
48388 1
48400 2
48406 2
48428 2
48430 1
48434 1
48445 1
48450 2
48475 1
48484 1
48490 1
48532 2
48536 1
48559 6
48561 1
48563 1
48571 1
48574 1
48581 2
48590 2
48612 1
48613 1
48636 1
48644 1
48651 1
48699 1
48727 2
48743 2
48749 2
48754 2
48813 1
48814 2
48816 2
48831 2
48859 2
48897 2
48925 2
48945 2
48998 2
49021 1
49032 2
49039 2
49059 2
49097 1
49115 2
49117 2
49140 1
49168 2
49189 4
49221 2
49271 1
49280 4
49304 2
49312 2
49315 2
49338 2
49351 2
49370 2
49376 2
49421 1
49427 2
49439 1
49454 2
49459 2
49463 2
49474 1
49494 2
49568 2
49598 2
49631 2
49658 2
49697 2
49701 2
49722 2
49739 2
49743 2
49745 1
49746 2
49768 3
49806 2
49808 2
49874 3
49909 1
49913 2
49938 2
49979 2
49994 1
50004 2
50015 4
50016 1
50028 2
50032 2
50034 1
50044 1
50047 2
50054 2
50074 2
50075 1
50094 1
50104 2
50111 2
50143 2
50146 2
50151 3
50160 2
50186 2
50197 2
50216 4
50225 2
50228 2
50235 2
50241 2
50247 4
50285 2
50322 2
50335 2
50340 2
50362 2
50363 2
50375 2
50386 2
50390 2
50402 1
50421 2
50423 2
50467 2
50471 2
50486 2
50504 1
50506 2
50521 2
50523 2
50535 1
50541 3
50555 2
50560 2
50565 2
50579 2
50584 2
50585 2
50601 2
50642 2
50651 2
50658 1
50666 1
50684 2
50690 2
50697 2
50700 2
50703 2
50728 2
50742 1
50765 2
50774 2
50811 2
50820 2
50897 1
50985 1
51004 2
51041 2
51122 2
51153 1
51228 2
51286 2
51288 2
51306 2
51351 2
51401 2
51417 1
51454 2
51468 1
51524 4
51844 1
52382 1
52537 1
52585 1
52626 1
53091 1
53211 1
53229 1
53530 2
53780 1
53972 1
54160 1
54323 1
54808 1
54811 1
54886 1
55225 4
55299 1
55537 1
56028 1
56071 3
56087 1
56337 1
56345 1
56411 4
56448 2
56459 4
56460 2
56518 2
56561 2
56586 2
56594 2
56602 2
56657 2
56684 1
56714 1
56764 1
56765 1
56788 1
56809 1
56863 2
56893 1
56917 1
56947 1
57077 1
57083 2
57092 1
57094 1
57129 1
57177 1
57180 1
57181 1
57193 1
57264 1
57274 1
57286 1
57321 1
57377 1
57399 1
57443 1
57453 1
57472 2
57476 1
57545 1
57569 1
57627 1
57628 2
57636 2
57638 1
57659 2
57672 2
57688 1
57728 2
57735 1
57736 1
57760 1
57773 1
57795 1
57796 1
57801 2
57820 1
57839 1
57861 1
57866 1
57871 1
57899 1
57909 1
57925 1
57942 2
57969 1
57980 1
57995 1
58001 1
58014 1
58050 1
58114 1
58117 1
58134 1
58149 1
58173 1
58220 1
58222 1
58252 1
58276 1
58323 1
58332 1
58372 1
58418 1
58420 1
58428 1
58456 1
58462 1
58484 1
58514 1
58515 1
58536 1
58543 1
58552 1
58566 1
58567 1
58577 1
58585 1
58593 1
58616 1
58641 1
58659 1
58660 1
58701 1
58706 1
58710 1
58734 2
58766 1
58778 1
58782 1
58799 1
58801 1
58803 1
58805 1
58827 1
58871 1
58884 1
58896 1
58909 1
58940 1
58976 1
59030 1
59074 1
59077 1
59102 1
59107 1
59124 2
59127 1
59128 1
59150 1
59189 1
59197 2
59215 1
59220 1
59241 2
59251 1
59262 1
59263 2
59279 1
59285 1
59288 1
59291 1
59295 1
59298 1
59300 2
59344 1
59351 1
59354 1
59357 1
59367 1
59372 1
59378 1
59390 1
59481 1
59486 2
59495 1
59522 1
59523 1
59547 1
59563 1
59582 1
59588 1
59594 1
59609 1
59640 1
59649 1
59676 1
59735 1
59738 1
59742 1
59761 1
59777 1
59790 1
59799 1
59815 2
59832 1
59845 1
59857 5
59979 2
59983 1
60009 2
60012 1
60036 1
60038 2
60055 4
60083 1
60094 1
60096 1
60118 1
60126 1
60131 1
60146 1
60156 1
60159 1
60201 1
60202 2
60223 1
60264 1
60277 1
60312 1
60333 1
60334 1
60404 1
60406 1
60412 1
60422 1
60477 1
60498 2
60501 1
60502 1
60510 1
60519 2
60531 1
60540 1
60560 1
60567 1
60606 1
60612 1
60651 1
60654 1
60685 1
60687 1
60689 1
60701 1
60712 1
60744 1
60758 1
60765 1
60783 1
60788 1
60795 1
60797 1
60803 1
60845 1
60847 1
60859 1
60866 1
60876 1
60879 1
60895 1
60935 1
60939 1
60940 1
60949 1
60971 1
60974 1
60985 1
60990 1
61011 1
61020 1
61022 1
61025 1
61036 1
61071 1
61083 1
61084 1
61149 1
61172 1
61219 1
61248 1
61264 1
61290 1
61303 1
61309 1
61331 1
61347 1
61352 1
61389 1
61397 1
61410 1
61435 1
61444 1
61472 1
61500 2
61501 1
61509 1
61515 1
61521 1
61526 1
61533 1
61535 3
61547 1
61578 1
61583 1
61589 1
61597 1
61610 1
61614 2
61628 2
61637 1
61646 1
61647 1
61667 1
61678 1
61686 1
61698 1
61703 1
61722 1
61723 1
61742 1
61775 1
61782 1
61799 1
61816 1
61817 1
61819 1
61837 2
61849 1
61870 1
61876 1
61884 1
61910 1
61925 1
61949 1
61953 1
61957 1
61984 1
61992 1
62011 1
62064 1
62079 1
62101 1
62104 1
62111 1
62129 1
62130 1
62157 1
62171 1
62199 1
62217 1
62219 1
62221 1
62231 2
62264 1
62398 1
62419 1
62433 1
62435 1
62439 2
62482 1
62483 1
62503 2
62509 3
62551 1
62562 1
62596 1
62608 1
62640 1
62660 1
62662 2
62663 1
62676 1
62681 1
62733 1
62759 1
62771 1
62789 1
62803 1
62821 1
62832 1
62837 1
62855 1
62861 2
62865 1
62875 2
62917 1
62933 1
62951 1
62960 1
63012 1
63032 1
63057 1
63072 1
63081 1
63095 1
63106 1
63142 1
63144 1
63148 1
63160 1
63217 1
63259 1
63272 1
63295 1
63314 1
63315 1
63380 1
63381 1
63387 1
63410 1
63414 1
63427 1
63467 2
63487 1
63520 1
63541 1
63547 1
63555 2
63558 1
63570 2
63578 2
63620 1
63645 1
63657 1
63689 1
63727 1
63748 1
63758 1
63769 1
63772 1
63794 1
63797 2
63811 1
63874 1
63899 1
63905 1
63907 1
63915 1
63930 1
63931 1
63937 1
63946 1
63949 1
63957 1
63988 1
64052 1
64087 1
64119 1
64123 1
64125 1
64140 1
64184 2
64216 1
64247 1
64250 1
64265 2
64268 1
64289 1
64308 1
64315 1
64320 1
64353 1
64361 1
64370 1
64389 2
64395 3
64430 1
64446 1
64447 1
64476 1
64491 1
64499 1
64507 1
64537 1
64549 1
64550 1
64557 1
64572 1
64588 1
64618 1
64689 1
64703 1
64726 1
64739 1
64740 1
64765 1
64774 2
64796 1
64799 1
64823 1
64828 2
64836 1
64842 1
64859 1
64864 1
64878 1
64881 1
64990 1
65002 1
65008 1
65038 1
65054 1
65093 1
65133 1
65134 1
65140 1
65166 1
65175 1
65226 1
65227 1
65245 1
65317 1
65340 1
65364 1
65440 1
65474 2
65480 1
65490 1
65528 1
65529 1
65541 1
65607 1
65686 1
65706 1
65721 1
65760 1
65809 1
65943 1
65952 1
66015 1
66053 1
66058 1
66067 1
66086 1
66146 1
66163 1
66164 1
66201 1
66241 1
66268 1
66271 1
66295 1
66299 1
66330 1
66379 1
66430 1
66484 1
66529 1
66541 1
66557 1
66718 1
66720 1
66768 1
66783 1
66800 1
66848 1
66893 1
66909 1
66939 1
66973 1
67071 1
67085 1
67200 1
67317 1
67328 1
67433 1
67642 1
67698 1
67935 1
67984 1
68189 1
68387 1
68520 1
68621 1
68662 1
68970 1
69020 1
69178 2
69389 1
69399 1
69477 1
69615 1
69662 1
69736 1
69796 1
69888 1
69961 1
70000 1
70071 1
70098 1
70127 1
70157 1
70194 1
70210 1
70560 1
70630 1
70727 1
70777 1
70778 1
70806 1
70824 1
71086 1
71115 1
71147 1
71169 1
71197 1
71233 2
71236 1
71238 1
71240 1
71241 1
71248 1
71259 1
71270 1
71279 1
71302 1
71304 1
71308 2
71309 2
71310 1
71317 1
71330 3
71342 1
71343 1
71346 1
71350 2
71363 1
71365 1
71369 1
71372 6
71395 1
71500 1
71685 1
