0 3421
1 81524455
2 14658620
3 5537359
4 3029674
5 2032191
6 1487118
7 1178153
8 974538
9 804360
10 686003
11 598735
12 524947
13 464403
14 412473
15 376447
16 341221
17 311290
18 287551
19 259879
20 240252
21 225088
22 209830
23 194585
24 184140
25 174885
26 160041
27 153052
28 144974
29 135986
30 128606
31 123721
32 112409
33 108111
34 101046
35 93493
36 91321
37 90599
38 86518
39 82559
40 79836
41 76913
42 80778
43 73643
44 72103
45 68063
46 63674
47 60151
48 58898
49 56749
50 55296
51 52794
52 51302
53 49665
54 47564
55 49068
56 45440
57 41798
58 40751
59 39815
60 38565
61 37908
62 37603
63 35809
64 34341
65 32469
66 31441
67 30931
68 30039
69 29608
70 28579
71 28087
72 28092
73 26599
74 26977
75 25892
76 24322
77 25495
78 26342
79 25120
80 23380
81 22310
82 21049
83 20798
84 20449
85 19575
86 19756
87 19856
88 18241
89 18531
90 18676
91 18735
92 16969
93 16646
94 15875
95 16133
96 15885
97 16185
98 14992
99 15221
100 15069
101 15118
102 15411
103 14415
104 14518
105 13507
106 13907
107 13230
108 13922
109 12684
110 12420
111 11930
112 11795
113 10994
114 11644
115 10917
116 10319
117 10912
118 10437
119 9856
120 9869
121 9377
122 9879
123 9453
124 9312
125 9062
126 9531
127 9097
128 8930
129 8478
130 8633
131 9382
132 9273
133 9423
134 8692
135 8449
136 7839
137 8014
138 7460
139 7985
140 7800
141 8438
142 7770
143 6937
144 7207
145 7186
146 6981
147 6615
148 6803
149 6007
150 5991
151 5841
152 5751
153 5698
154 5700
155 5509
156 5386
157 4920
158 5293
159 4929
160 4956
161 4583
162 5238
163 5063
164 4732
165 4585
166 4707
167 4828
168 4463
169 4399
170 4386
171 4153
172 4676
173 4128
174 4024
175 4006
176 4305
177 4107
178 4194
179 3811
180 4298
181 3871
182 3974
183 3552
184 3608
185 3782
186 3881
187 3589
188 4399
189 4218
190 4141
191 4697
192 4317
193 3464
194 3328
195 3656
196 3407
197 3616
198 3198
199 3825
200 3329
201 2954
202 3031
203 2709
204 2608
205 2704
206 2689
207 2575
208 2591
209 2563
210 2547
211 2695
212 2600
213 2478
214 2263
215 2285
216 2333
217 2194
218 2353
219 2209
220 2331
221 2330
222 2526
223 2309
224 2194
225 2310
226 2213
227 2367
228 2359
229 2469
230 2245
231 2266
232 2324
233 2246
234 2221
235 2321
236 2158
237 2261
238 2189
239 1953
240 1909
241 1932
242 1954
243 2045
244 1850
245 1900
246 1944
247 1903
248 1851
249 1590
250 1635
251 1664
252 1720
253 1788
254 1678
255 1821
256 1569
257 1859
258 1776
259 1920
260 1809
261 1811
262 1795
263 1924
264 1854
265 1618
266 1567
267 1755
268 1605
269 1567
270 1906
271 1773
272 1677
273 1611
274 1686
275 1534
276 1576
277 1509
278 1529
279 1583
280 1401
281 1489
282 1513
283 1668
284 1591
285 1575
286 1588
287 1672
288 1479
289 1508
290 1518
291 1434
292 1592
293 1526
294 1380
295 1341
296 1343
297 1341
298 1287
299 1626
300 1501
301 1305
302 1612
303 1483
304 1377
305 1409
306 1436
307 1369
308 1419
309 1394
310 1287
311 1417
312 1567
313 1285
314 1625
315 2477
316 2331
317 1931
318 2260
319 2049
320 1494
321 1403
322 1387
323 1326
324 1385
325 1518
326 1574
327 1608
328 1429
329 1493
330 1605
331 1512
332 1234
333 1105
334 1164
335 1064
336 1079
337 1101
338 1276
339 1281
340 1160
341 1456
342 996
343 1094
344 1049
345 1059
346 1118
347 1105
348 1121
349 1028
350 974
351 1004
352 931
353 1045
354 1045
355 854
356 825
357 859
358 798
359 905
360 921
361 966
362 780
363 761
364 770
365 829
366 772
367 759
368 819
369 888
370 900
371 851
372 807
373 743
374 731
375 712
376 725
377 671
378 723
379 713
380 724
381 635
382 703
383 776
384 752
385 700
386 681
387 658
388 696
389 698
390 565
391 619
392 609
393 604
394 575
395 571
396 604
397 587
398 633
399 726
400 540
401 612
402 548
403 624
404 606
405 566
406 564
407 558
408 522
409 528
410 502
411 546
412 559
413 559
414 622
415 554
416 563
417 588
418 514
419 538
420 495
421 476
422 589
423 557
424 605
425 474
426 493
427 486
428 522
429 510
430 511
431 506
432 545
433 540
434 464
435 409
436 444
437 384
438 437
439 470
440 513
441 529
442 487
443 517
444 588
445 506
446 480
447 478
448 487
449 425
450 514
451 529
452 434
453 425
454 483
455 465
456 472
457 409
458 347
459 424
460 434
461 525
462 433
463 471
464 423
465 448
466 435
467 443
468 408
469 525
470 512
471 493
472 508
473 503
474 435
475 476
476 438
477 429
478 419
479 390
480 492
481 372
482 329
483 534
484 445
485 423
486 430
487 432
488 533
489 428
490 456
491 432
492 388
493 341
494 383
495 375
496 373
497 354
498 350
499 367
500 392
501 415
502 393
503 387
504 350
505 370
506 874
507 538
508 490
509 437
510 431
511 490
512 449
513 461
514 432
515 383
516 404
517 419
518 403
519 376
520 328
521 371
522 383
523 357
524 501
525 340
526 313
527 404
528 543
529 449
530 373
531 347
532 372
533 363
534 314
535 393
536 369
537 383
538 331
539 352
540 335
541 319
542 291
543 384
544 386
545 314
546 322
547 257
548 297
549 296
550 354
551 374
552 278
553 264
554 356
555 284
556 322
557 280
558 292
559 305
560 323
561 298
562 338
563 306
564 359
565 302
566 305
567 262
568 285
569 298
570 292
571 282
572 259
573 286
574 253
575 266
576 243
577 233
578 230
579 226
580 227
581 223
582 198
583 202
584 178
585 226
586 208
587 209
588 221
589 227
590 218
591 190
592 201
593 217
594 188
595 200
596 226
597 337
598 200
599 180
600 210
601 187
602 180
603 185
604 164
605 189
606 209
607 179
608 203
609 211
610 205
611 200
612 210
613 173
614 203
615 174
616 211
617 201
618 232
619 191
620 209
621 194
622 225
623 237
624 230
625 230
626 259
627 261
628 230
629 197
630 216
631 215
632 238
633 173
634 197
635 177
636 156
637 146
638 165
639 196
640 282
641 249
642 178
643 150
644 230
645 277
646 257
647 270
648 224
649 183
650 134
651 195
652 227
653 186
654 252
655 305
656 221
657 200
658 196
659 182
660 189
661 152
662 186
663 170
664 163
665 190
666 188
667 173
668 167
669 113
670 180
671 159
672 143
673 135
674 141
675 116
676 141
677 129
678 126
679 156
680 241
681 236
682 133
683 131
684 145
685 126
686 136
687 130
688 144
689 131
690 146
691 112
692 134
693 130
694 149
695 156
696 140
697 138
698 152
699 167
700 145
701 134
702 133
703 135
704 154
705 115
706 135
707 127
708 131
709 141
710 138
711 163
712 158
713 170
714 166
715 160
716 132
717 184
718 201
719 173
720 169
721 181
722 156
723 146
724 144
725 169
726 165
727 165
728 133
729 178
730 172
731 179
732 155
733 169
734 140
735 115
736 140
737 161
738 128
739 114
740 145
741 140
742 190
743 128
744 126
745 100
746 136
747 129
748 137
749 135
750 169
751 133
752 163
753 133
754 137
755 111
756 114
757 147
758 129
759 109
760 136
761 155
762 137
763 158
764 140
765 131
766 142
767 141
768 113
769 100
770 117
771 130
772 152
773 127
774 141
775 113
776 133
777 115
778 104
779 115
780 105
781 124
782 117
783 128
784 120
785 115
786 166
787 122
788 127
789 112
790 122
791 132
792 123
793 139
794 178
795 149
796 172
797 159
798 178
799 139
800 149
801 130
802 133
803 141
804 123
805 105
806 116
807 125
808 109
809 128
810 124
811 114
812 106
813 102
814 127
815 104
816 122
817 142
818 146
819 209
820 169
821 166
822 182
823 225
824 206
825 291
826 349
827 144
828 133
829 122
830 139
831 513
832 519
833 416
834 256
835 183
836 196
837 165
838 168
839 196
840 158
841 135
842 112
843 117
844 141
845 125
846 139
847 129
848 160
849 127
850 90
851 93
852 111
853 95
854 116
855 80
856 104
857 139
858 128
859 117
860 90
861 105
862 104
863 73
864 121
865 89
866 88
867 94
868 106
869 103
870 162
871 122
872 111
873 163
874 97
875 116
876 112
877 114
878 150
879 167
880 128
881 118
882 111
883 116
884 109
885 114
886 128
887 116
888 139
889 138
890 154
891 124
892 147
893 131
894 138
895 166
896 144
897 160
898 188
899 138
900 104
901 120
902 104
903 109
904 114
905 122
906 99
907 123
908 69
909 114
910 121
911 100
912 126
913 90
914 106
915 77
916 92
917 104
918 104
919 100
920 88
921 103
922 183
923 128
924 91
925 186
926 117
927 146
928 100
929 88
930 123
931 126
932 99
933 93
934 129
935 127
936 102
937 107
938 153
939 121
940 117
941 89
942 122
943 93
944 77
945 78
946 80
947 111
948 91
949 65
950 95
951 88
952 89
953 76
954 75
955 83
956 62
957 96
958 57
959 75
960 95
961 126
962 88
963 110
964 80
965 84
966 74
967 76
968 89
969 97
970 70
971 78
972 115
973 90
974 81
975 84
976 83
977 85
978 76
979 102
980 95
981 88
982 91
983 76
984 108
985 83
986 83
987 76
988 69
989 71
990 64
991 98
992 97
993 88
994 65
995 66
996 100
997 82
998 84
999 128
1000 97
1001 88
1002 69
1003 73
1004 85
1005 66
1006 136
1007 100
1008 79
1009 85
1010 70
1011 74
1012 80
1013 74
1014 94
1015 61
1016 79
1017 74
1018 84
1019 68
1020 53
1021 82
1022 95
1023 119
1024 65
1025 100
1026 66
1027 53
1028 72
1029 44
1030 70
1031 63
1032 79
1033 78
1034 74
1035 48
1036 74
1037 80
1038 62
1039 77
1040 59
1041 61
1042 60
1043 44
1044 71
1045 39
1046 49
1047 59
1048 47
1049 60
1050 66
1051 33
1052 89
1053 52
1054 51
1055 63
1056 41
1057 44
1058 52
1059 47
1060 37
1061 47
1062 52
1063 30
1064 65
1065 48
1066 44
1067 46
1068 37
1069 44
1070 33
1071 40
1072 35
1073 61
1074 48
1075 46
1076 36
1077 62
1078 54
1079 53
1080 52
1081 53
1082 51
1083 47
1084 56
1085 68
1086 57
1087 44
1088 61
1089 69
1090 121
1091 154
1092 121
1093 65
1094 58
1095 58
1096 91
1097 63
1098 63
1099 76
1100 111
1101 63
1102 65
1103 100
1104 79
1105 103
1106 57
1107 134
1108 159
1109 71
1110 41
1111 70
1112 45
1113 49
1114 53
1115 55
1116 42
1117 58
1118 52
1119 39
1120 53
1121 30
1122 47
1123 51
1124 53
1125 37
1126 53
1127 42
1128 55
1129 45
1130 30
1131 31
1132 49
1133 43
1134 53
1135 44
1136 55
1137 38
1138 39
1139 37
1140 43
1141 46
1142 45
1143 74
1144 58
1145 52
1146 63
1147 45
1148 52
1149 54
1150 39
1151 58
1152 65
1153 49
1154 55
1155 45
1156 36
1157 43
1158 58
1159 44
1160 56
1161 46
1162 39
1163 40
1164 47
1165 37
1166 30
1167 44
1168 42
1169 53
1170 43
1171 44
1172 37
1173 56
1174 50
1175 27
1176 33
1177 53
1178 35
1179 33
1180 26
1181 27
1182 29
1183 39
1184 35
1185 47
1186 35
1187 54
1188 44
1189 34
1190 52
1191 49
1192 53
1193 42
1194 33
1195 53
1196 29
1197 40
1198 43
1199 39
1200 35
1201 65
1202 50
1203 51
1204 33
1205 41
1206 28
1207 28
1208 44
1209 27
1210 35
1211 33
1212 49
1213 44
1214 39
1215 35
1216 51
1217 59
1218 42
1219 37
1220 41
1221 51
1222 51
1223 28
1224 48
1225 43
1226 48
1227 28
1228 43
1229 40
1230 60
1231 36
1232 40
1233 40
1234 31
1235 26
1236 36
1237 33
1238 31
1239 27
1240 29
1241 21
1242 43
1243 27
1244 32
1245 27
1246 23
1247 42
1248 45
1249 35
1250 32
1251 40
1252 41
1253 31
1254 39
1255 27
1256 32
1257 41
1258 36
1259 60
1260 55
1261 46
1262 44
1263 48
1264 43
1265 63
1266 40
1267 46
1268 40
1269 47
1270 46
1271 43
1272 45
1273 45
1274 28
1275 37
1276 34
1277 53
1278 36
1279 37
1280 47
1281 44
1282 36
1283 35
1284 42
1285 37
1286 39
1287 40
1288 34
1289 38
1290 47
1291 39
1292 33
1293 35
1294 31
1295 29
1296 42
1297 33
1298 34
1299 30
1300 41
1301 36
1302 34
1303 20
1304 35
1305 44
1306 38
1307 29
1308 37
1309 24
1310 33
1311 48
1312 36
1313 45
1314 35
1315 48
1316 40
1317 31
1318 42
1319 31
1320 41
1321 30
1322 32
1323 32
1324 40
1325 50
1326 39
1327 35
1328 45
1329 37
1330 40
1331 35
1332 30
1333 24
1334 26
1335 42
1336 43
1337 49
1338 33
1339 47
1340 40
1341 45
1342 33
1343 45
1344 42
1345 44
1346 46
1347 38
1348 51
1349 50
1350 69
1351 60
1352 39
1353 60
1354 47
1355 56
1356 54
1357 61
1358 50
1359 57
1360 62
1361 36
1362 49
1363 33
1364 48
1365 44
1366 42
1367 48
1368 48
1369 31
1370 45
1371 36
1372 38
1373 45
1374 35
1375 38
1376 48
1377 35
1378 22
1379 32
1380 38
1381 26
1382 36
1383 29
1384 36
1385 36
1386 35
1387 25
1388 36
1389 35
1390 23
1391 29
1392 37
1393 41
1394 44
1395 51
1396 34
1397 42
1398 66
1399 35
1400 54
1401 29
1402 37
1403 36
1404 42
1405 27
1406 35
1407 22
1408 24
1409 25
1410 34
1411 36
1412 19
1413 41
1414 30
1415 28
1416 38
1417 27
1418 34
1419 43
1420 18
1421 31
1422 32
1423 32
1424 23
1425 30
1426 27
1427 26
1428 19
1429 29
1430 34
1431 35
1432 18
1433 31
1434 31
1435 30
1436 30
1437 39
1438 31
1439 34
1440 18
1441 27
1442 23
1443 24
1444 24
1445 22
1446 27
1447 14
1448 36
1449 20
1450 22
1451 23
1452 31
1453 19
1454 29
1455 27
1456 40
1457 38
1458 32
1459 25
1460 28
1461 23
1462 22
1463 19
1464 14
1465 23
1466 27
1467 29
1468 21
1469 16
1470 26
1471 29
1472 22
1473 22
1474 12
1475 23
1476 21
1477 25
1478 27
1479 24
1480 18
1481 28
1482 15
1483 29
1484 21
1485 17
1486 21
1487 19
1488 26
1489 28
1490 20
1491 27
1492 24
1493 24
1494 18
1495 19
1496 24
1497 15
1498 15
1499 19
1500 22
1501 16
1502 21
1503 10
1504 11
1505 18
1506 15
1507 29
1508 20
1509 16
1510 19
1511 36
1512 25
1513 21
1514 20
1515 20
1516 19
1517 21
1518 21
1519 17
1520 21
1521 15
1522 27
1523 12
1524 20
1525 24
1526 30
1527 27
1528 27
1529 26
1530 26
1531 39
1532 26
1533 22
1534 18
1535 33
1536 17
1537 15
1538 17
1539 25
1540 40
1541 14
1542 32
1543 32
1544 29
1545 18
1546 22
1547 23
1548 22
1549 39
1550 48
1551 30
1552 38
1553 32
1554 25
1555 23
1556 24
1557 30
1558 16
1559 22
1560 23
1561 37
1562 19
1563 31
1564 14
1565 24
1566 19
1567 16
1568 18
1569 32
1570 11
1571 18
1572 25
1573 29
1574 24
1575 23
1576 13
1577 20
1578 32
1579 31
1580 29
1581 30
1582 36
1583 71
1584 22
1585 23
1586 15
1587 18
1588 37
1589 31
1590 29
1591 28
1592 43
1593 20
1594 41
1595 22
1596 18
1597 37
1598 45
1599 49
1600 36
1601 21
1602 23
1603 51
1604 30
1605 25
1606 40
1607 48
1608 29
1609 23
1610 43
1611 32
1612 23
1613 20
1614 23
1615 30
1616 24
1617 19
1618 37
1619 20
1620 21
1621 21
1622 24
1623 27
1624 25
1625 23
1626 29
1627 24
1628 35
1629 26
1630 26
1631 23
1632 20
1633 18
1634 22
1635 20
1636 26
1637 43
1638 43
1639 44
1640 35
1641 36
1642 28
1643 25
1644 25
1645 20
1646 19
1647 31
1648 34
1649 16
1650 23
1651 13
1652 20
1653 15
1654 18
1655 26
1656 11
1657 27
1658 19
1659 17
1660 18
1661 28
1662 33
1663 28
1664 21
1665 33
1666 40
1667 25
1668 31
1669 16
1670 36
1671 19
1672 36
1673 36
1674 21
1675 31
1676 30
1677 16
1678 37
1679 28
1680 19
1681 32
1682 22
1683 21
1684 26
1685 104
1686 24
1687 24
1688 23
1689 29
1690 24
1691 28
1692 31
1693 36
1694 24
1695 14
1696 15
1697 20
1698 15
1699 27
1700 15
1701 19
1702 20
1703 20
1704 19
1705 17
1706 20
1707 17
1708 25
1709 15
1710 20
1711 18
1712 26
1713 24
1714 25
1715 22
1716 25
1717 20
1718 29
1719 21
1720 11
1721 17
1722 22
1723 23
1724 27
1725 30
1726 17
1727 23
1728 23
1729 28
1730 30
1731 25
1732 30
1733 19
1734 24
1735 16
1736 32
1737 33
1738 29
1739 27
1740 39
1741 25
1742 27
1743 27
1744 33
1745 33
1746 25
1747 32
1748 34
1749 38
1750 26
1751 22
1752 28
1753 35
1754 29
1755 26
1756 27
1757 37
1758 29
1759 44
1760 31
1761 51
1762 27
1763 32
1764 27
1765 36
1766 33
1767 35
1768 30
1769 25
1770 39
1771 38
1772 38
1773 41
1774 30
1775 28
1776 26
1777 42
1778 36
1779 38
1780 38
1781 27
1782 25
1783 39
1784 35
1785 35
1786 42
1787 45
1788 38
1789 22
1790 15
1791 34
1792 47
1793 53
1794 52
1795 46
1796 40
1797 27
1798 30
1799 31
1800 28
1801 34
1802 27
1803 26
1804 20
1805 37
1806 34
1807 36
1808 33
1809 48
1810 50
1811 55
1812 47
1813 72
1814 49
1815 33
1816 42
1817 12
1818 26
1819 36
1820 37
1821 23
1822 32
1823 32
1824 25
1825 27
1826 32
1827 24
1828 27
1829 18
1830 16
1831 26
1832 17
1833 21
1834 16
1835 28
1836 21
1837 20
1838 12
1839 29
1840 16
1841 14
1842 18
1843 26
1844 28
1845 17
1846 16
1847 30
1848 46
1849 34
1850 23
1851 33
1852 26
1853 11
1854 23
1855 23
1856 24
1857 23
1858 17
1859 11
1860 14
1861 24
1862 18
1863 24
1864 24
1865 27
1866 19
1867 27
1868 17
1869 19
1870 17
1871 38
1872 30
1873 14
1874 31
1875 36
1876 27
1877 35
1878 24
1879 33
1880 32
1881 29
1882 36
1883 26
1884 31
1885 30
1886 27
1887 27
1888 16
1889 18
1890 15
1891 18
1892 12
1893 6
1894 14
1895 19
1896 19
1897 17
1898 20
1899 24
1900 27
1901 20
1902 28
1903 20
1904 14
1905 16
1906 29
1907 16
1908 14
1909 23
1910 30
1911 17
1912 17
1913 16
1914 30
1915 23
1916 22
1917 33
1918 16
1919 27
1920 27
1921 13
1922 19
1923 17
1924 30
1925 22
1926 23
1927 33
1928 20
1929 25
1930 26
1931 14
1932 20
1933 10
1934 21
1935 33
1936 15
1937 14
1938 14
1939 17
1940 16
1941 16
1942 15
1943 25
1944 8
1945 15
1946 14
1947 19
1948 34
1949 23
1950 19
1951 16
1952 30
1953 29
1954 21
1955 25
1956 33
1957 28
1958 23
1959 13
1960 21
1961 15
1962 20
1963 33
1964 22
1965 18
1966 30
1967 29
1968 15
1969 33
1970 28
1971 20
1972 41
1973 22
1974 20
1975 16
1976 10
1977 24
1978 18
1979 33
1980 18
1981 28
1982 13
1983 14
1984 20
1985 23
1986 25
1987 18
1988 21
1989 25
1990 24
1991 23
1992 17
1993 25
1994 30
1995 20
1996 27
1997 19
1998 21
1999 24
2000 23
2001 9
2002 14
2003 11
2004 19
2005 18
2006 13
2007 15
2008 17
2009 31
2010 15
2011 27
2012 28
2013 28
2014 16
2015 23
2016 22
2017 16
2018 16
2019 11
2020 18
2021 22
2022 17
2023 16
2024 10
2025 22
2026 28
2027 14
2028 16
2029 20
2030 20
2031 20
2032 27
2033 29
2034 12
2035 21
2036 31
2037 17
2038 19
2039 14
2040 19
2041 21
2042 9
2043 10
2044 16
2045 25
2046 24
2047 32
2048 21
2049 38
2050 25
2051 26
2052 29
2053 32
2054 32
2055 18
2056 21
2057 25
2058 30
2059 14
2060 17
2061 21
2062 24
2063 18
2064 12
2065 13
2066 13
2067 16
2068 20
2069 17
2070 24
2071 14
2072 11
2073 16
2074 18
2075 79
2076 17
2077 14
2078 16
2079 15
2080 19
2081 16
2082 27
2083 18
2084 14
2085 21
2086 21
2087 19
2088 23
2089 19
2090 37
2091 25
2092 13
2093 20
2094 9
2095 23
2096 30
2097 21
2098 19
2099 22
2100 23
2101 28
2102 24
2103 14
2104 24
2105 22
2106 12
2107 23
2108 8
2109 12
2110 16
2111 14
2112 20
2113 30
2114 19
2115 15
2116 19
2117 22
2118 20
2119 19
2120 25
2121 18
2122 13
2123 20
2124 5
2125 26
2126 16
2127 10
2128 15
2129 25
2130 45
2131 19
2132 30
2133 28
2134 26
2135 19
2136 19
2137 11
2138 15
2139 15
2140 9
2141 19
2142 9
2143 7
2144 8
2145 25
2146 15
2147 13
2148 23
2149 18
2150 9
2151 29
2152 16
2153 13
2154 18
2155 16
2156 13
2157 16
2158 16
2159 21
2160 15
2161 15
2162 15
2163 13
2164 6
2165 21
2166 5
2167 16
2168 13
2169 18
2170 15
2171 8
2172 10
2173 15
2174 11
2175 10
2176 3
2177 2
2178 19
2179 16
2180 10
2181 14
2182 7
2183 11
2184 16
2185 14
2186 15
2187 20
2188 21
2189 21
2190 18
2191 15
2192 7
2193 13
2194 8
2195 4
2196 15
2197 5
2198 22
2199 7
2200 10
2201 15
2202 7
2203 7
2204 12
2205 19
2206 16
2207 11
2208 7
2209 20
2210 16
2211 8
2212 9
2213 6
2214 12
2215 13
2216 15
2217 19
2218 6
2219 16
2220 23
2221 14
2222 19
2223 18
2224 25
2225 27
2226 13
2227 11
2228 17
2229 19
2230 18
2231 17
2232 12
2233 14
2234 13
2235 9
2236 14
2237 21
2238 25
2239 16
2240 4
2241 12
2242 6
2243 15
2244 8
2245 4
2246 20
2247 13
2248 11
2249 15
2250 15
2251 17
2252 20
2253 11
2254 11
2255 13
2256 10
2257 15
2258 8
2259 13
2260 8
2261 10
2262 15
2263 13
2264 20
2265 12
2266 14
2267 8
2268 12
2269 20
2270 13
2271 15
2272 11
2273 11
2274 11
2275 3
2276 8
2277 12
2278 19
2279 13
2280 18
2281 12
2282 19
2283 14
2284 10
2285 16
2286 19
2287 13
2288 16
2289 13
2290 15
2291 15
2292 15
2293 10
2294 15
2295 15
2296 13
2297 11
2298 16
2299 20
2300 16
2301 17
2302 6
2303 10
2304 6
2305 12
2306 19
2307 10
2308 7
2309 11
2310 20
2311 15
2312 13
2313 7
2314 12
2315 14
2316 8
2317 11
2318 7
2319 13
2320 11
2321 5
2322 9
2323 14
2324 15
2325 11
2326 10
2327 12
2328 12
2329 10
2330 12
2331 5
2332 10
2333 5
2334 10
2335 14
2336 8
2337 10
2338 9
2339 11
2340 10
2341 6
2342 10
2343 15
2344 6
2345 10
2346 13
2347 9
2348 2
2349 6
2350 9
2351 14
2352 12
2353 8
2354 11
2355 6
2356 4
2357 9
2358 11
2359 14
2360 16
2361 20
2362 13
2363 15
2364 19
2365 18
2366 26
2367 18
2368 9
2369 15
2370 14
2371 13
2372 19
2373 12
2374 14
2375 17
2376 1
2377 17
2378 11
2379 16
2380 20
2381 12
2382 11
2383 14
2384 6
2385 8
2386 5
2388 6
2389 10
2390 8
2391 2
2392 10
2393 12
2394 7
2395 11
2396 17
2397 5
2398 6
2399 7
2400 6
2401 6
2402 7
2403 4
2404 17
2405 4
2406 7
2407 14
2408 15
2409 6
2410 3
2411 9
2412 12
2413 11
2414 11
2415 7
2416 10
2417 1
2418 3
2419 10
2420 3
2421 5
2422 8
2423 8
2424 4
2425 11
2426 8
2427 4
2428 10
2429 7
2430 5
2431 15
2432 24
2433 50
2434 14
2435 7
2436 15
2437 15
2438 5
2439 14
2440 9
2441 6
2442 5
2443 9
2444 16
2445 14
2446 10
2447 29
2448 7
2450 6
2451 15
2452 8
2453 3
2454 12
2455 4
2456 23
2457 16
2458 4
2459 11
2460 16
2461 16
2462 11
2463 43
2464 19
2465 15
2466 16
2467 14
2468 16
2469 7
2470 8
2471 14
2472 8
2473 8
2474 7
2475 5
2476 7
2477 2
2478 7
2479 2
2480 3
2481 16
2482 3
2483 4
2484 9
2485 7
2486 5
2487 4
2488 11
2489 2
2490 5
2491 6
2492 3
2493 4
2494 3
2495 7
2496 2
2497 2
2498 5
2499 4
2500 7
2501 3
2502 7
2503 6
2504 1
2505 12
2506 3
2507 4
2508 3
2509 6
2510 6
2511 1
2513 8
2514 4
2515 6
2516 11
2517 1
2518 3
2519 7
2520 9
2522 5
2523 7
2524 7
2525 4
2526 4
2527 6
2528 5
2529 6
2530 10
2531 5
2532 3
2533 6
2534 7
2535 13
2536 2
2537 6
2538 5
2539 3
2540 8
2541 6
2542 5
2543 12
2544 9
2545 8
2546 4
2547 3
2548 4
2549 9
2550 9
2551 11
2552 10
2553 9
2554 7
2555 3
2556 6
2557 9
2558 6
2560 5
2561 8
2562 3
2563 4
2564 8
2565 4
2566 8
2567 1
2568 6
2569 7
2570 3
2571 10
2572 11
2573 10
2574 4
2575 4
2576 11
2577 3
2578 10
2579 7
2580 8
2581 13
2582 10
2583 11
2584 4
2585 8
2586 10
2587 6
2588 9
2589 7
2590 4
2591 9
2592 6
2593 6
2594 6
2595 2
2596 6
2597 4
2598 6
2599 3
2600 3
2601 5
2602 8
2604 6
2605 9
2606 2
2607 7
2608 7
2609 4
2610 2
2611 8
2612 3
2613 6
2614 5
2615 3
2616 3
2617 8
2618 1
2619 4
2620 6
2621 6
2622 5
2623 10
2624 8
2625 5
2626 1
2627 4
2628 3
2629 5
2630 2
2631 7
2632 7
2633 5
2634 10
2635 8
2636 8
2637 13
2638 7
2639 7
2640 6
2641 9
2642 4
2643 7
2644 4
2645 2
2646 9
2647 11
2648 10
2649 3
2650 3
2651 1
2652 1
2653 5
2654 4
2655 2
2656 1
2657 4
2658 8
2659 5
2660 7
2661 4
2662 7
2663 5
2664 13
2665 5
2666 6
2668 4
2669 3
2670 4
2671 12
2672 10
2673 6
2674 5
2675 6
2676 6
2677 7
2678 4
2679 7
2680 3
2681 9
2682 5
2683 4
2684 5
2685 6
2686 4
2687 2
2688 3
2689 2
2690 9
2691 6
2692 15
2693 14
2694 6
2695 6
2696 16
2697 3
2698 6
2699 4
2700 8
2701 3
2702 5
2703 5
2704 6
2705 2
2706 3
2707 5
2708 4
2709 4
2710 13
2711 1
2712 4
2713 4
2714 3
2715 2
2716 7
2717 2
2718 6
2719 5
2720 6
2721 4
2722 4
2723 8
2724 3
2725 6
2726 6
2727 5
2728 5
2729 5
2730 5
2731 5
2732 5
2733 3
2734 6
2735 2
2736 8
2737 6
2738 10
2739 3
2740 3
2741 6
2742 5
2743 3
2744 3
2745 9
2746 7
2747 6
2748 2
2749 8
2750 8
2751 2
2752 6
2753 6
2754 7
2755 3
2756 4
2757 7
2758 4
2759 3
2760 6
2762 6
2763 6
2764 2
2765 2
2766 5
2767 5
2768 2
2769 1
2770 4
2771 2
2773 1
2774 2
2775 6
2776 6
2777 10
2778 3
2779 2
2780 5
2781 8
2782 4
2783 6
2785 2
2786 3
2787 4
2788 2
2789 7
2790 5
2791 6
2792 6
2793 6
2794 7
2795 9
2796 6
2797 5
2798 4
2799 5
2800 8
2801 5
2802 3
2803 3
2804 6
2805 10
2806 4
2807 3
2808 5
2810 8
2811 5
2812 3
2813 4
2814 3
2815 2
2816 5
2817 6
2818 4
2819 4
2820 1
2821 4
2822 2
2823 6
2824 3
2825 7
2826 7
2827 4
2828 5
2829 4
2830 6
2831 10
2832 14
2833 7
2834 10
2835 3
2836 2
2837 6
2838 8
2839 5
2840 2
2841 4
2843 6
2844 2
2845 5
2846 5
2847 2
2848 5
2849 1
2850 7
2851 4
2852 3
2853 7
2854 6
2855 7
2856 3
2857 5
2858 4
2859 5
2860 5
2861 9
2862 4
2863 4
2864 4
2865 4
2866 7
2867 5
2868 6
2869 3
2870 2
2871 5
2872 6
2873 7
2874 7
2875 6
2876 6
2877 5
2878 5
2879 3
2880 9
2881 8
2882 4
2883 10
2884 6
2885 7
2886 3
2887 4
2888 6
2889 2
2890 8
2891 4
2892 7
2893 4
2894 7
2895 3
2896 9
2897 4
2898 7
2899 4
2900 2
2901 2
2902 5
2903 1
2904 7
2905 4
2906 3
2907 6
2908 6
2909 4
2910 9
2911 1
2912 5
2913 6
2914 2
2915 2
2916 6
2917 5
2918 1
2919 3
2920 7
2921 10
2922 5
2923 4
2924 10
2925 4
2926 4
2927 6
2928 7
2929 1
2930 3
2932 4
2933 7
2934 1
2935 4
2936 5
2937 6
2938 8
2939 3
2940 3
2941 3
2942 2
2943 2
2944 7
2945 6
2946 3
2947 7
2948 16
2949 8
2950 10
2951 6
2952 5
2953 5
2954 9
2955 9
2956 4
2957 7
2958 5
2959 4
2960 11
2961 3
2962 15
2963 4
2964 17
2965 5
2966 11
2967 4
2968 4
2969 3
2970 5
2971 12
2972 5
2973 5
2974 7
2975 8
2976 3
2977 7
2978 5
2979 16
2980 3
2981 6
2982 6
2983 6
2984 7
2985 8
2986 6
2987 9
2988 12
2989 10
2990 2
2991 8
2992 4
2993 7
2994 6
2995 6
2996 7
2997 11
2998 16
2999 6
3000 10
3001 10
3002 13
3003 3
3004 7
3005 3
3006 2
3007 6
3008 6
3009 5
3010 1
3011 3
3012 2
3013 6
3014 5
3015 9
3016 8
3017 5
3019 3
3020 9
3021 5
3022 6
3023 7
3024 12
3025 7
3026 7
3027 3
3028 9
3029 6
3030 7
3031 6
3032 13
3033 5
3034 10
3035 6
3036 7
3037 8
3038 10
3039 1
3040 7
3041 6
3042 3
3043 7
3044 6
3045 11
3046 11
3047 9
3048 10
3049 3
3050 8
3051 4
3052 8
3053 4
3054 3
3055 7
3056 8
3057 5
3058 8
3059 7
3060 7
3061 9
3062 8
3063 8
3064 8
3065 5
3066 5
3067 10
3068 5
3069 8
3070 4
3071 9
3072 11
3073 10
3074 8
3075 8
3076 5
3077 10
3078 4
3079 7
3080 4
3081 8
3082 7
3083 14
3084 6
3085 6
3086 6
3087 6
3089 8
3090 6
3091 8
3092 11
3093 12
3094 13
3095 6
3096 6
3097 4
3098 10
3099 14
3100 2
3101 9
3102 7
3103 10
3104 22
3105 11
3106 15
3107 5
3108 10
3109 7
3110 8
3111 5
3112 10
3113 6
3114 5
3115 11
3116 9
3117 6
3118 5
3119 9
3120 6
3121 9
3122 2
3123 7
3124 4
3125 5
3126 11
3127 8
3128 5
3129 9
3130 10
3131 13
3132 11
3133 6
3134 6
3135 7
3136 8
3137 12
3138 9
3139 10
3140 14
3141 11
3142 7
3143 5
3144 6
3145 11
3146 8
3147 6
3148 7
3149 15
3150 10
3151 17
3152 12
3153 9
3154 11
3155 16
3156 12
3157 18
3158 14
3159 17
3160 16
3161 8
3162 11
3163 13
3164 10
3165 10
3166 10
3167 14
3168 11
3169 11
3170 11
3171 14
3172 17
3173 13
3174 7
3175 7
3176 8
3177 5
3178 4
3179 8
3180 12
3181 7
3182 8
3183 5
3184 5
3185 8
3186 8
3187 6
3188 8
3189 8
3190 1
3191 7
3192 2
3193 2
3194 3
3195 3
3196 4
3197 4
3198 5
3199 6
3200 10
3201 10
3202 9
3203 6
3204 4
3205 8
3206 1
3207 6
3208 13
3209 9
3210 8
3211 8
3212 5
3213 9
3214 16
3215 8
3216 7
3217 7
3218 6
3219 8
3220 9
3221 6
3222 5
3223 13
3224 11
3225 8
3226 8
3227 12
3228 7
3229 2
3230 10
3231 11
3232 7
3233 7
3234 6
3235 8
3236 8
3237 5
3238 4
3239 16
3240 5
3241 4
3242 6
3243 7
3244 7
3245 18
3246 3
3247 6
3248 8
3249 4
3250 5
3251 5
3252 7
3253 9
3254 6
3255 8
3256 10
3257 9
3258 4
3259 5
3260 3
3261 5
3262 6
3263 5
3264 5
3265 4
3266 2
3267 5
3268 11
3269 8
3270 5
3271 6
3272 2
3273 5
3274 5
3275 8
3276 6
3277 1
3278 8
3279 9
3280 1
3281 6
3282 1
3283 3
3284 6
3285 7
3286 9
3287 4
3288 4
3289 5
3290 8
3291 9
3292 11
3293 8
3294 7
3295 9
3296 9
3297 3
3298 11
3299 4
3300 7
3301 5
3302 4
3303 7
3304 14
3305 6
3306 17
3307 10
3308 8
3309 6
3310 17
3311 8
3312 7
3313 11
3314 3
3315 7
3316 11
3317 7
3318 3
3319 3
3320 3
3321 12
3322 7
3323 4
3324 8
3325 4
3326 10
3327 13
3328 9
3329 6
3330 12
3331 6
3332 3
3333 6
3334 15
3335 8
3336 4
3337 5
3338 3
3339 3
3340 8
3341 15
3342 11
3343 10
3344 9
3345 10
3346 2
3347 10
3348 5
3349 10
3350 2
3351 7
3352 8
3353 11
3354 5
3355 4
3356 9
3357 8
3358 3
3359 5
3360 1
3361 8
3362 5
3363 5
3364 8
3365 5
3366 9
3367 1
3368 5
3369 6
3370 11
3371 2
3372 10
3373 3
3374 5
3375 7
3376 5
3377 7
3378 4
3379 12
3380 10
3381 3
3382 1
3383 6
3385 4
3386 6
3387 2
3388 8
3389 7
3390 7
3391 15
3392 6
3393 9
3394 6
3395 6
3396 9
3397 3
3398 5
3399 12
3400 3
3401 7
3402 9
3403 8
3404 17
3405 3
3406 5
3407 3
3408 1
3409 5
3410 5
3411 11
3412 5
3413 8
3414 8
3415 7
3416 5
3417 5
3418 4
3419 9
3420 7
3421 3
3422 4
3423 7
3424 5
3425 4
3426 7
3427 2
3428 5
3429 3
3430 6
3431 11
3432 8
3433 13
3434 8
3435 3
3436 6
3437 3
3438 8
3439 4
3440 2
3441 10
3442 9
3443 2
3444 5
3445 3
3446 7
3447 8
3448 6
3449 6
3450 27
3451 21
3452 3
3454 4
3455 3
3456 3
3457 4
3458 1
3459 4
3460 12
3461 7
3462 9
3463 3
3464 6
3465 6
3466 9
3467 5
3468 20
3469 3
3470 17
3471 15
3472 7
3473 5
3474 10
3475 7
3476 6
3477 5
3478 10
3479 7
3480 5
3481 5
3482 9
3483 5
3484 9
3485 5
3486 12
3487 3
3488 4
3489 5
3490 7
3491 11
3492 4
3494 3
3495 4
3496 6
3497 1
3498 2
3499 2
3500 6
3501 1
3502 3
3503 17
3504 5
3505 7
3506 5
3507 5
3508 5
3509 5
3510 3
3511 7
3512 2
3513 7
3514 10
3515 7
3516 3
3517 5
3518 11
3519 5
3520 5
3521 19
3522 4
3523 3
3524 2
3525 1
3526 3
3527 8
3528 3
3529 8
3530 6
3531 1
3532 3
3533 7
3534 8
3536 2
3537 1
3538 3
3539 1
3540 5
3541 3
3542 2
3543 7
3544 5
3545 9
3546 8
3547 3
3548 11
3549 4
3550 3
3551 5
3552 4
3553 5
3554 5
3555 7
3556 8
3557 6
3558 8
3559 23
3560 16
3561 6
3562 9
3563 6
3564 3
3565 2
3566 10
3567 3
3568 6
3569 6
3570 4
3571 5
3572 19
3573 6
3574 5
3575 10
3576 14
3577 7
3579 9
3580 7
3581 6
3582 7
3583 10
3584 10
3585 9
3586 6
3587 9
3588 14
3589 7
3590 6
3591 6
3592 7
3593 7
3594 10
3595 5
3596 7
3597 3
3598 7
3599 5
3600 13
3601 10
3602 11
3603 6
3604 10
3605 11
3606 12
3607 6
3608 4
3609 2
3610 7
3611 5
3612 10
3613 11
3614 6
3615 4
3616 7
3617 7
3618 5
3619 10
3620 12
3621 5
3622 7
3623 3
3624 4
3625 9
3626 6
3627 17
3628 13
3629 5
3630 5
3631 8
3632 9
3633 3
3634 3
3635 1
3636 10
3637 8
3638 17
3639 4
3640 2
3641 1
3642 6
3643 10
3644 5
3645 7
3646 5
3647 5
3648 7
3649 1
3650 10
3651 13
3652 10
3653 5
3654 1
3655 7
3656 7
3657 5
3658 7
3659 12
3660 11
3661 10
3662 9
3663 3
3664 2
3665 3
3666 4
3667 12
3668 6
3669 4
3670 13
3671 13
3672 3
3673 11
3674 3
3675 15
3676 3
3677 1
3678 25
3679 4
3680 9
3681 9
3682 6
3683 4
3684 8
3685 8
3686 6
3687 16
3688 5
3689 1
3690 5
3691 6
3692 5
3693 5
3694 9
3695 7
3696 3
3697 5
3698 5
3699 7
3700 4
3701 4
3702 2
3703 4
3704 7
3705 5
3706 7
3707 3
3708 10
3709 5
3710 2
3712 5
3713 3
3714 4
3717 8
3720 3
3721 2
3722 2
3724 3
3725 2
3727 1
3728 4
3730 3
3731 2
3732 4
3734 1
3735 3
3737 1
3738 5
3739 6
3740 2
3741 1
3742 1
3743 7
3744 1
3745 2
3747 3
3748 3
3749 2
3750 4
3751 2
3753 2
3754 2
3755 1
3756 1
3758 1
3759 1
3760 1
3761 3
3762 4
3763 1
3766 1
3768 1
3769 7
3770 1
3771 2
3773 4
3774 2
3775 4
3777 3
3779 2
3780 1
3781 2
3782 3
3783 3
3784 4
3785 7
3786 6
3787 2
3788 1
3789 2
3790 2
3791 4
3792 4
3793 3
3794 5
3795 3
3796 3
3797 3
3798 7
3799 2
3800 3
3801 2
3802 3
3803 3
3804 3
3805 1
3806 1
3807 2
3808 3
3809 1
3810 1
3811 1
3812 1
3813 7
3814 2
3815 2
3817 7
3818 8
3819 1
3820 1
3821 3
3823 2
3825 5
3826 4
3827 5
3829 1
3830 6
3831 3
3832 4
3833 1
3834 4
3835 6
3836 2
3837 3
3838 5
3839 3
3840 3
3841 5
3843 4
3844 6
3845 6
3846 1
3847 2
3848 4
3849 3
3850 4
3851 5
3852 2
3853 3
3854 2
3855 1
3856 1
3857 4
3859 3
3860 7
3861 3
3862 16
3863 5
3864 5
3865 1
3866 2
3867 1
3870 2
3871 3
3872 1
3873 1
3875 1
3876 5
3878 1
3879 2
3880 4
3881 7
3882 13
3883 5
3884 1
3885 2
3886 1
3887 2
3888 2
3889 3
3890 6
3891 9
3892 2
3893 2
3894 2
3895 3
3896 2
3897 2
3899 1
3900 4
3901 9
3902 3
3903 6
3904 1
3905 3
3906 2
3907 1
3908 1
3909 2
3910 1
3912 1
3914 3
3916 2
3917 3
3918 1
3919 3
3920 2
3921 1
3922 3
3923 2
3924 2
3927 4
3928 4
3929 4
3932 3
3935 1
3937 1
3938 2
3941 1
3943 2
3944 3
3946 1
3947 2
3950 1
3952 2
3953 3
3954 2
3955 3
3956 5
3957 3
3958 9
3959 4
3960 2
3961 5
3963 1
3964 5
3965 3
3966 1
3967 2
3968 3
3969 2
3971 3
3972 4
3973 3
3975 10
3976 2
3977 2
3978 3
3980 2
3981 1
3982 1
3983 5
3985 2
3987 1
3989 7
3990 3
3992 1
3995 3
3996 1
3999 2
4000 5
4001 1
4002 1
4003 1
4004 2
4005 1
4010 1
4012 4
4018 3
4019 6
4020 2
4021 2
4022 2
4024 1
4025 1
4026 2
4027 2
4029 2
4030 2
4034 2
4036 5
4037 3
4038 1
4039 2
4040 2
4042 4
4043 4
4044 9
4045 3
4046 2
4047 1
4050 2
4052 3
4053 3
4054 1
4055 1
4056 4
4059 3
4061 3
4062 1
4063 4
4064 2
4065 6
4068 2
4070 4
4072 3
4074 1
4075 1
4076 2
4078 2
4080 2
4081 2
4086 2
4087 1
4090 1
4093 2
4096 1
4097 1
4098 1
4099 3
4105 3
4107 3
4108 1
4111 1
4112 1
4114 3
4116 1
4117 3
4118 1
4121 4
4123 2
4124 1
4125 5
4126 1
4127 1
4128 1
4129 2
4132 1
4135 1
4138 1
4139 2
4140 1
4144 3
4145 2
4146 1
4149 2
4150 1
4152 3
4153 2
4154 1
4155 1
4158 1
4161 5
4163 1
4166 2
4167 3
4169 1
4170 3
4171 2
4172 4
4175 2
4176 1
4178 2
4179 2
4185 2
4187 3
4188 2
4189 3
4192 1
4193 3
4194 1
4195 2
4196 10
4197 2
4198 1
4199 1
4200 2
4203 3
4204 1
4206 2
4207 1
4208 1
4209 5
4210 1
4211 2
4212 2
4213 5
4214 7
4218 3
4219 2
4224 2
4225 3
4226 3
4227 3
4228 2
4229 1
4230 1
4231 1
4233 3
4235 2
4236 1
4238 1
4239 5
4240 1
4241 2
4243 1
4245 1
4246 3
4248 1
4250 1
4251 1
4253 2
4254 2
4255 1
4256 1
4257 2
4261 2
4266 1
4267 3
4268 1
4269 3
4270 1
4276 1
4277 2
4284 2
4285 2
4286 2
4287 2
4288 4
4292 2
4295 1
4296 1
4297 1
4299 1
4300 1
4301 1
4303 2
4304 2
4307 2
4308 1
4309 1
4311 1
4314 1
4315 1
4317 1
4318 1
4319 4
4320 1
4321 1
4322 4
4323 1
4324 1
4325 2
4326 2
4327 1
4330 2
4331 2
4332 1
4334 2
4335 2
4337 3
4341 1
4342 1
4343 1
4344 4
4347 2
4354 4
4359 1
4361 1
4363 1
4364 3
4365 1
4366 1
4367 2
4369 2
4370 2
4371 1
4372 3
4373 2
4374 2
4376 1
4380 2
4381 1
4384 1
4386 2
4390 4
4391 1
4392 2
4395 2
4398 1
4401 2
4403 2
4404 1
4408 3
4410 1
4411 1
4414 1
4415 1
4418 1
4419 1
4421 1
4422 1
4423 1
4424 2
4425 2
4426 6
4427 1
4428 2
4430 3
4431 2
4434 1
4435 4
4436 1
4438 3
4439 3
4442 2
4443 1
4444 2
4446 2
4448 1
4449 1
4450 7
4453 5
4454 11
4456 3
4457 2
4458 5
4459 1
4460 3
4462 2
4463 1
4464 1
4465 1
4466 2
4467 2
4468 4
4469 1
4470 2
4471 2
4472 1
4475 2
4476 4
4477 1
4478 5
4479 4
4480 2
4481 5
4482 2
4484 1
4485 2
4486 4
4487 2
4488 2
4489 1
4491 2
4493 2
4495 6
4496 2
4498 1
4500 4
4502 2
4503 3
4504 1
4505 7
4507 2
4513 3
4514 3
4515 4
4519 1
4520 2
4521 1
4522 1
4523 2
4524 2
4527 1
4528 2
4529 1
4530 1
4533 1
4535 3
4537 1
4539 4
4543 1
4545 4
4546 2
4547 1
4551 1
4552 2
4556 2
4557 3
4558 9
4559 4
4560 4
4561 4
4564 1
4565 1
4566 3
4567 4
4568 1
4569 1
4571 2
4574 2
4575 4
4576 2
4578 5
4583 2
4585 2
4586 2
4588 1
4589 3
4590 3
4592 5
4595 2
4596 2
4599 1
4600 2
4602 4
4603 7
4605 7
4606 1
4607 3
4608 1
4609 1
4610 1
4611 2
4612 5
4618 3
4620 2
4622 1
4623 1
4627 2
4628 1
4629 4
4632 1
4634 2
4638 2
4639 2
4640 1
4643 3
4644 2
4646 1
4647 1
4649 5
4653 4
4654 2
4656 1
4658 2
4660 1
4661 2
4663 1
4664 1
4665 1
4667 1
4668 3
4669 2
4670 2
4671 3
4672 3
4673 1
4675 1
4677 5
4678 2
4679 2
4680 1
4683 1
4684 1
4685 2
4686 1
4688 1
4689 3
4690 1
4692 3
4694 5
4695 2
4696 2
4698 2
4699 2
4702 2
4703 1
4705 2
4707 4
4708 2
4709 3
4710 1
4711 2
4714 1
4715 4
4716 4
4717 3
4718 4
4719 1
4721 1
4725 1
4728 2
4731 3
4732 1
4734 2
4735 1
4736 4
4737 1
4740 1
4742 2
4743 1
4744 1
4745 3
4747 1
4748 1
4749 2
4750 1
4751 4
4752 7
4753 1
4755 4
4756 2
4757 1
4758 5
4759 3
4760 2
4761 3
4762 3
4763 2
4765 2
4766 3
4767 1
4768 1
4769 3
4772 3
4773 1
4774 2
4776 2
4777 4
4778 1
4779 2
4780 2
4782 1
4783 3
4786 2
4789 2
4791 1
4792 2
4793 1
4794 4
4795 2
4797 1
4798 1
4799 4
4800 1
4801 2
4804 3
4805 1
4806 1
4807 4
4808 2
4809 1
4810 2
4811 1
4812 2
4813 2
4814 1
4815 1
4816 4
4817 4
4818 1
4819 4
4820 4
4822 2
4825 3
4829 2
4832 3
4833 2
4835 4
4836 2
4841 3
4843 1
4846 4
4848 2
4849 2
4850 4
4853 3
4854 2
4857 2
4858 1
4859 3
4860 2
4863 3
4864 2
4866 7
4867 2
4869 1
4870 4
4871 4
4872 9
4874 1
4875 1
4876 2
4884 1
4885 2
4887 2
4890 2
4895 3
4896 1
4900 2
4901 2
4905 2
4907 1
4912 1
4914 2
4917 2
4919 1
4921 2
4923 1
4924 1
4925 2
4926 2
4927 1
4928 4
4931 1
4932 2
4933 1
4934 2
4936 2
4937 1
4940 3
4942 2
4943 2
4944 1
4945 6
4946 2
4949 2
4952 2
4953 2
4955 2
4956 2
4963 3
4965 2
4966 2
4970 2
4971 2
4972 2
4973 2
4974 1
4976 1
4978 3
4979 1
4980 2
4981 4
4988 2
4990 2
4991 1
4994 2
4999 1
5000 2
5001 5
5013 2
5014 1
5016 1
5017 2
5018 1
5021 2
5022 1
5023 3
5024 6
5031 1
5032 2
5036 3
5038 2
5040 2
5042 2
5043 1
5045 1
5048 1
5050 2
5051 1
5053 3
5055 2
5056 1
5057 4
5058 3
5059 1
5061 3
5062 1
5066 1
5069 2
5070 2
5071 2
5073 1
5075 1
5077 1
5078 2
5079 5
5084 1
5085 2
5086 2
5088 1
5089 2
5091 1
5092 5
5093 1
5094 4
5095 2
5096 5
5097 3
5098 7
5099 10
5100 10
5101 13
5102 8
5103 3
5104 2
5105 2
5107 1
5109 1
5110 1
5111 4
5112 3
5113 2
5114 5
5115 4
5116 1
5117 4
5118 1
5119 3
5121 1
5122 1
5123 2
5124 1
5125 1
5126 1
5127 3
5128 2
5129 1
5130 2
5131 1
5132 2
5133 1
5134 1
5137 3
5138 6
5139 3
5140 1
5141 2
5142 3
5144 1
5147 1
5148 2
5149 1
5150 2
5151 3
5153 1
5156 4
5157 5
5158 3
5159 1
5162 4
5164 2
5166 2
5167 2
5169 2
5171 3
5172 2
5174 2
5176 2
5179 2
5180 3
5181 2
5183 2
5184 1
5187 5
5188 1
5189 2
5190 2
5191 3
5192 2
5194 1
5195 2
5196 4
5197 6
5198 1
5199 2
5200 2
5201 2
5202 1
5204 3
5208 1
5209 1
5211 2
5213 5
5214 7
5215 2
5217 1
5218 3
5219 2
5220 5
5225 1
5226 1
5227 3
5228 5
5229 5
5230 1
5231 2
5232 1
5234 3
5236 1
5237 1
5238 1
5239 1
5240 1
5242 3
5243 1
5245 2
5250 3
5253 1
5254 2
5255 1
5256 1
5262 4
5263 2
5264 3
5265 1
5270 1
5271 3
5272 4
5273 1
5275 1
5277 1
5278 1
5281 2
5282 3
5284 1
5290 1
5292 2
5293 1
5295 1
5296 4
5301 2
5302 1
5304 7
5305 1
5307 2
5313 2
5317 1
5318 2
5321 2
5322 1
5324 1
5325 2
5326 5
5328 2
5329 2
5330 1
5331 1
5332 1
5333 4
5336 2
5337 1
5339 1
5341 2
5344 4
5346 2
5347 2
5348 5
5350 1
5352 1
5353 2
5359 1
5360 3
5362 1
5365 1
5367 1
5368 1
5369 3
5370 1
5371 1
5372 1
5373 1
5379 1
5381 2
5382 2
5385 2
5387 2
5389 1
5390 1
5392 2
5393 2
5394 3
5395 2
5396 1
5399 4
5400 2
5402 2
5403 2
5406 2
5409 2
5410 2
5411 7
5412 4
5413 2
5414 2
5416 1
5417 2
5419 2
5420 5
5421 3
5422 3
5424 3
5428 2
5429 2
5430 1
5431 3
5432 2
5433 2
5434 1
5436 2
5437 2
5439 2
5440 1
5442 4
5443 2
5445 1
5446 1
5450 2
5451 2
5452 4
5453 4
5454 2
5455 3
5456 4
5457 1
5458 3
5459 2
5460 3
5461 3
5462 1
5463 2
5464 2
5465 3
5466 1
5467 1
5468 1
5469 1
5470 27
5473 2
5474 4
5475 4
5476 2
5477 7
5482 3
5487 1
5489 1
5490 3
5493 2
5497 1
5498 2
5499 2
5501 2
5509 1
5513 1
5514 2
5517 1
5518 2
5519 3
5520 2
5523 3
5525 2
5531 2
5533 1
5534 2
5537 1
5539 2
5540 2
5541 1
5546 3
5547 2
5548 4
5551 3
5554 1
5558 1
5562 1
5564 3
5566 1
5568 8
5569 2
5575 1
5576 1
5579 1
5582 1
5583 2
5584 1
5586 3
5587 5
5590 5
5594 3
5596 1
5597 3
5598 4
5604 1
5605 1
5607 1
5608 1
5609 3
5610 3
5611 3
5612 4
5615 1
5616 1
5617 1
5618 3
5619 1
5620 1
5621 2
5622 3
5624 2
5626 2
5627 1
5629 6
5630 3
5633 1
5635 2
5637 5
5638 4
5639 2
5641 2
5645 2
5647 1
5649 4
5654 1
5657 3
5658 4
5659 3
5660 1
5661 3
5662 3
5667 4
5668 2
5670 2
5672 2
5674 4
5677 3
5680 1
5681 4
5682 9
5683 4
5684 3
5685 1
5686 3
5689 3
5690 2
5691 5
5692 8
5693 2
5694 3
5695 3
5696 4
5697 2
5699 2
5700 4
5701 2
5702 6
5703 1
5706 1
5707 1
5708 1
5709 2
5711 1
5712 6
5715 2
5716 1
5718 12
5719 1
5721 1
5722 5
5723 3
5724 4
5725 3
5726 2
5731 2
5733 1
5735 1
5737 3
5738 2
5740 2
5742 2
5743 2
5744 1
5745 2
5746 1
5753 2
5756 1
5757 3
5758 1
5761 4
5762 1
5764 1
5765 2
5767 1
5768 2
5769 2
5770 1
5771 1
5773 1
5774 3
5776 2
5780 5
5781 2
5783 1
5785 3
5786 1
5787 2
5788 3
5790 4
5793 1
5794 1
5797 2
5799 1
5800 2
5804 3
5805 4
5806 3
5807 3
5808 4
5811 4
5812 5
5814 2
5815 4
5816 2
5821 1
5822 2
5825 2
5827 2
5828 1
5829 3
5831 1
5832 7
5833 4
5834 2
5835 2
5836 1
5838 1
5840 2
5844 1
5845 1
5846 1
5850 2
5856 2
5857 1
5858 1
5860 2
5865 2
5870 5
5871 4
5873 2
5874 1
5875 1
5877 3
5878 1
5880 2
5881 3
5882 1
5883 2
5886 1
5887 2
5889 3
5890 1
5892 1
5894 1
5900 2
5902 2
5903 2
5904 1
5905 3
5907 1
5908 1
5913 3
5914 2
5917 4
5919 1
5920 2
5921 1
5922 1
5928 1
5929 1
5930 1
5932 1
5933 3
5935 2
5936 2
5937 1
5938 2
5939 2
5943 1
5944 1
5945 2
5946 1
5947 2
5950 1
5952 2
5955 1
5956 2
5957 2
5960 1
5963 2
5969 1
5970 3
5971 1
5972 2
5973 5
5974 1
5975 1
5979 3
5980 2
5985 2
5986 5
5987 3
5988 1
5989 2
5990 1
5991 2
5993 1
5994 1
6000 3
6003 1
6006 4
6010 1
6015 2
6016 2
6024 1
6025 1
6027 1
6029 1
6030 1
6031 1
6038 2
6040 2
6041 2
6042 2
6043 3
6044 1
6045 1
6046 2
6047 2
6048 1
6049 1
6050 2
6053 1
6057 1
6060 1
6061 1
6063 1
6064 3
6067 2
6068 1
6070 2
6072 1
6073 1
6074 1
6075 1
6077 2
6082 1
6083 1
6085 1
6086 3
6088 2
6089 2
6094 1
6095 1
6096 2
6097 1
6098 3
6099 2
6101 2
6102 3
6103 2
6104 3
6105 4
6106 2
6111 2
6112 1
6113 1
6114 2
6115 2
6117 1
6118 1
6120 2
6121 1
6125 4
6126 2
6127 1
6129 1
6130 1
6134 1
6136 1
6137 2
6138 1
6141 1
6142 1
6143 1
6144 1
6145 4
6146 4
6150 2
6151 2
6155 1
6157 2
6162 2
6163 2
6165 1
6166 3
6167 1
6169 4
6171 2
6173 1
6175 1
6177 2
6180 2
6181 2
6182 3
6185 1
6186 1
6187 2
6188 1
6191 1
6192 1
6193 2
6195 1
6198 1
6201 2
6208 1
6209 2
6210 2
6212 2
6214 1
6215 3
6216 1
6222 1
6224 1
6225 2
6226 1
6229 5
6230 2
6232 2
6233 3
6236 2
6238 3
6239 1
6242 1
6245 1
6247 1
6249 4
6250 4
6255 1
6257 1
6259 2
6260 2
6261 4
6267 3
6268 3
6269 1
6270 4
6273 2
6274 1
6275 1
6277 1
6278 1
6279 3
6281 1
6282 1
6283 1
6284 4
6286 7
6288 1
6290 1
6293 1
6294 2
6298 1
6300 1
6304 1
6305 1
6307 1
6317 1
6319 1
6320 2
6322 1
6323 1
6326 1
6327 2
6330 2
6331 1
6332 1
6334 1
6336 2
6337 1
6342 2
6343 1
6345 1
6348 2
6352 2
6354 1
6355 1
6358 3
6360 1
6363 2
6365 1
6367 1
6371 1
6372 2
6373 1
6374 2
6375 1
6378 1
6379 1
6380 1
6381 3
6382 1
6384 1
6387 2
6395 3
6397 1
6399 3
6402 1
6405 2
6408 1
6409 1
6413 1
6416 6
6419 1
6421 1
6426 1
6428 1
6437 1
6439 6
6441 1
6443 1
6448 1
6449 1
6450 1
6451 3
6455 1
6456 1
6459 1
6463 2
6467 3
6469 1
6473 1
6474 1
6475 1
6485 1
6492 1
6493 8
6495 1
6497 3
6500 2
6502 1
6503 1
6506 1
6511 3
6512 1
6514 2
6517 1
6519 1
6520 2
6521 2
6535 2
6536 1
6537 2
6540 1
6541 1
6542 1
6543 1
6549 1
6556 2
6558 2
6561 3
6562 1
6567 1
6569 1
6575 3
6577 2
6578 1
6579 1
6588 1
6591 1
6599 1
6602 3
6603 1
6607 1
6608 2
6611 1
6612 1
6613 2
6620 1
6621 2
6623 1
6625 3
6626 3
6629 1
6631 1
6634 2
6635 6
6638 2
6639 2
6640 2
6645 2
6646 3
6647 4
6648 2
6650 4
6651 2
6653 1
6655 1
6656 1
6660 1
6661 1
6662 1
6663 1
6668 1
6669 2
6670 1
6671 1
6672 1
6673 6
6674 1
6675 1
6676 1
6677 3
6681 1
6682 7
6683 1
6684 1
6685 4
6686 7
6688 2
6689 1
6690 1
6691 2
6692 2
6694 2
6695 1
6698 2
6699 1
6700 2
6701 3
6702 2
6703 1
6705 3
6706 3
6707 1
6709 3
6714 1
6715 1
6716 2
6718 1
6719 4
6722 1
6723 1
6727 1
6729 1
6730 4
6731 2
6733 1
6735 6
6738 2
6740 2
6741 2
6748 1
6749 1
6750 2
6751 1
6752 2
6754 2
6758 2
6759 1
6762 1
6763 1
6765 3
6769 1
6772 2
6773 1
6774 1
6779 1
6784 3
6785 4
6788 1
6789 2
6790 2
6792 1
6795 1
6796 1
6797 3
6800 3
6801 3
6808 1
6814 2
6820 3
6821 1
6826 1
6827 2
6828 2
6830 1
6832 1
6835 2
6836 5
6838 1
6839 1
6840 1
6842 1
6843 1
6844 1
6851 3
6856 1
6857 2
6858 1
6859 1
6862 1
6863 1
6864 1
6866 1
6867 1
6868 2
6869 3
6870 2
6873 1
6874 1
6876 1
6879 1
6880 1
6881 2
6882 2
6883 1
6884 1
6886 1
6887 2
6897 1
6899 2
6900 1
6901 1
6904 2
6905 1
6906 1
6908 1
6910 1
6918 2
6919 1
6920 1
6926 1
6931 1
6934 1
6935 1
6936 1
6938 1
6940 1
6941 1
6945 2
6946 2
6957 1
6958 2
6959 1
6960 1
6961 3
6964 1
6965 1
6966 5
6969 2
6970 5
6971 1
6974 1
6975 2
6977 1
6978 1
6980 1
6981 3
6982 1
6983 1
6984 1
6985 1
6987 1
6993 2
6994 1
6996 2
6997 2
6998 1
6999 2
7001 1
7010 1
7015 1
7016 1
7017 1
7018 2
7020 1
7023 1
7025 2
7029 1
7030 4
7033 4
7034 1
7040 1
7045 3
7046 1
7048 1
7049 1
7052 1
7055 1
7057 1
7059 1
7060 1
7067 1
7068 1
7069 1
7071 2
7072 1
7073 1
7076 1
7077 1
7078 1
7079 1
7082 1
7085 2
7086 1
7089 2
7092 2
7093 3
7095 1
7096 1
7100 3
7101 1
7105 1
7108 1
7109 2
7110 2
7112 1
7116 4
7117 1
7119 1
7120 4
7121 3
7123 1
7124 4
7125 2
7126 1
7127 1
7128 1
7129 4
7130 2
7131 4
7132 1
7133 3
7134 1
7135 2
7136 2
7137 1
7138 1
7139 1
7140 1
7141 1
7142 3
7143 4
7144 3
7146 1
7147 2
7149 2
7150 2
7151 4
7152 2
7153 1
7155 1
7156 1
7157 1
7158 2
7159 5
7160 4
7161 2
7163 3
7164 2
7167 1
7168 1
7170 1
7171 3
7172 3
7174 8
7175 2
7179 1
7180 2
7181 1
7183 4
7184 2
7186 2
7189 5
7192 5
7194 2
7197 3
7198 1
7201 1
7203 2
7207 1
7208 2
7209 9
7215 3
7216 2
7219 2
7220 1
7221 7
7222 2
7223 1
7224 1
7227 1
7230 1
7231 3
7232 6
7233 4
7234 1
7236 2
7237 1
7239 1
7240 1
7242 2
7243 1
7244 2
7246 1
7247 1
7248 6
7249 8
7251 4
7252 2
7253 6
7254 4
7255 1
7256 1
7258 1
7259 2
7262 3
7263 1
7264 1
7268 1
7270 3
7271 3
7272 4
7275 6
7276 2
7277 3
7280 1
7281 3
7282 1
7283 4
7284 2
7285 2
7288 2
7289 1
7290 5
7291 10
7293 4
7294 2
7297 1
7298 5
7300 5
7301 2
7302 1
7303 6
7304 1
7305 2
7306 1
7307 1
7308 1
7309 1
7310 1
7311 1
7312 1
7313 6
7314 3
7317 7
7319 1
7320 6
7324 2
7325 3
7328 4
7331 2
7332 1
7333 2
7334 2
7335 1
7338 2
7339 1
7341 1
7344 2
7346 1
7350 1
7351 1
7353 3
7354 1
7355 3
7356 2
7357 1
7358 1
7362 1
7364 1
7365 1
7366 1
7368 1
7370 4
7371 5
7372 3
7373 2
7374 1
7377 2
7379 5
7380 1
7381 2
7382 1
7384 1
7385 4
7386 5
7387 3
7390 1
7391 1
7393 1
7394 2
7395 2
7397 1
7401 2
7403 1
7404 1
7405 1
7409 1
7410 4
7411 1
7412 1
7413 5
7414 1
7415 4
7416 2
7418 3
7419 2
7420 1
7421 2
7422 1
7424 1
7425 1
7426 1
7428 1
7431 3
7433 7
7434 3
7438 2
7439 2
7440 1
7441 3
7442 1
7443 1
7445 1
7446 3
7447 4
7448 5
7450 1
7454 2
7455 2
7456 2
7457 1
7458 2
7462 2
7463 2
7464 1
7465 1
7466 2
7467 3
7468 1
7469 1
7470 2
7473 2
7475 1
7478 4
7479 5
7480 4
7481 1
7483 1
7484 3
7485 2
7486 1
7487 1
7490 3
7491 1
7492 1
7494 5
7497 1
7498 1
7499 1
7501 2
7503 3
7504 1
7505 1
7506 2
7507 1
7508 2
7509 1
7510 2
7512 2
7513 4
7514 1
7515 2
7516 1
7518 5
7519 4
7520 1
7521 7
7522 5
7523 1
7524 2
7525 1
7526 1
7529 1
7533 2
7537 2
7540 1
7544 1
7548 2
7549 1
7551 1
7555 1
7561 1
7566 1
7570 1
7574 1
7578 1
7579 2
7580 1
7582 1
7583 4
7585 2
7587 4
7592 4
7594 1
7597 2
7599 1
7600 2
7601 3
7602 2
7603 1
7604 1
7610 2
7613 3
7615 2
7616 1
7617 2
7621 1
7623 1
7624 2
7625 2
7628 2
7630 1
7631 1
7633 2
7635 2
7636 1
7639 5
7643 2
7644 3
7645 1
7646 2
7650 1
7651 1
7655 2
7656 1
7657 1
7659 2
7660 1
7661 2
7662 2
7663 2
7666 2
7669 1
7673 2
7674 1
7675 2
7676 5
7677 1
7678 1
7679 1
7680 3
7684 3
7685 2
7686 2
7688 1
7689 1
7690 1
7692 1
7694 1
7696 1
7697 2
7698 1
7699 1
7700 1
7701 1
7702 1
7703 1
7704 1
7708 1
7713 1
7714 4
7715 1
7716 1
7718 2
7719 4
7722 1
7723 3
7724 1
7726 1
7727 1
7732 4
7734 2
7737 1
7739 1
7742 3
7743 2
7749 1
7753 2
7754 2
7755 2
7756 2
7758 3
7759 4
7760 1
7762 5
7764 2
7765 1
7766 2
7770 3
7772 2
7774 1
7775 1
7777 1
7780 1
7783 2
7785 3
7787 1
7790 1
7791 2
7792 2
7794 5
7798 2
7799 2
7800 2
7803 1
7808 2
7809 2
7815 1
7817 1
7819 1
7820 2
7821 2
7822 1
7824 1
7826 1
7827 1
7828 3
7833 1
7835 1
7836 1
7838 1
7839 2
7840 1
7841 1
7842 2
7844 1
7850 2
7851 3
7855 2
7856 1
7860 1
7861 1
7862 2
7864 1
7867 1
7868 1
7873 1
7874 1
7875 2
7876 2
7879 11
7881 5
7882 3
7883 2
7889 1
7891 2
7895 1
7899 1
7901 3
7902 1
7906 1
7909 1
7911 1
7913 2
7915 1
7916 1
7917 4
7918 1
7920 1
7921 3
7922 1
7923 4
7925 1
7926 2
7928 1
7929 2
7930 2
7932 1
7933 5
7934 1
7937 4
7939 1
7940 1
7941 1
7942 5
7943 2
7944 1
7945 4
7946 2
7948 3
7949 2
7950 1
7951 1
7952 3
7953 2
7954 1
7956 1
7957 2
7960 1
7961 1
7963 3
7966 3
7967 1
7968 1
7970 3
7971 1
7974 1
7975 3
7976 1
7979 1
7980 2
7984 3
7985 2
7986 2
7988 3
7991 1
7992 1
7994 2
7995 3
7996 1
8000 1
8005 2
8006 2
8011 2
8016 2
8017 2
8018 2
8019 2
8020 2
8021 1
8022 2
8024 1
8029 3
8036 2
8037 2
8042 1
8044 2
8046 1
8048 3
8050 1
8051 1
8053 1
8054 1
8056 1
8057 1
8058 5
8059 2
8060 3
8061 1
8062 1
8066 2
8067 2
8080 2
8082 1
8083 1
8084 3
8085 2
8086 1
8087 1
8089 1
8094 2
8096 3
8097 1
8103 1
8104 2
8106 1
8107 1
8111 4
8112 1
8113 2
8114 1
8115 1
8118 2
8119 2
8120 1
8122 1
8123 1
8124 1
8125 1
8126 1
8129 2
8130 1
8133 1
8137 1
8138 1
8140 2
8141 1
8142 1
8143 2
8147 1
8148 1
8149 1
8151 1
8152 1
8157 1
8164 1
8165 2
8166 3
8169 1
8170 1
8174 1
8175 1
8176 1
8180 1
8182 1
8185 2
8186 4
8187 1
8191 1
8198 1
8200 2
8201 1
8202 1
8210 1
8212 1
8216 1
8221 1
8223 3
8224 1
8225 3
8228 1
8229 1
8232 1
8242 2
8244 1
8245 1
8246 2
8247 1
8251 1
8256 1
8258 2
8261 2
8263 2
8265 1
8267 1
8273 2
8274 1
8275 2
8281 1
8287 3
8292 1
8293 2
8294 1
8296 1
8304 1
8306 1
8307 1
8308 4
8316 1
8323 2
8326 4
8327 1
8328 1
8338 1
8349 1
8352 2
8354 1
8364 2
8370 2
8375 2
8388 3
8389 1
8394 2
8404 2
8407 2
8410 1
8419 2
8421 1
8437 2
8438 2
8439 2
8447 1
8448 3
8449 1
8454 2
8457 2
8460 1
8467 1
8477 1
8483 1
8488 2
8491 2
8492 2
8494 2
8498 1
8503 2
8504 1
8507 1
8513 1
8514 2
8515 1
8517 2
8518 4
8520 2
8521 1
8529 2
8534 1
8548 2
8551 4
8552 1
8564 4
8574 1
8578 2
8580 1
8581 1
8587 2
8596 1
8597 2
8599 1
8600 2
8601 1
8611 1
8616 4
8625 2
8629 2
8633 1
8637 2
8638 3
8642 1
8647 1
8649 1
8652 1
8654 1
8655 1
8656 1
8659 3
8660 1
8661 1
8662 1
8663 3
8664 1
8675 2
8677 3
8681 2
8686 1
8687 3
8688 5
8690 2
8694 1
8695 4
8697 2
8708 2
8710 1
8715 2
8719 1
8722 2
8728 1
8736 2
8737 1
8746 2
8747 1
8751 1
8752 2
8754 2
8756 1
8761 1
8765 1
8766 2
8769 2
8771 3
8776 4
8784 1
8790 2
8798 1
8833 3
8835 1
8845 1
8848 1
8853 1
8856 2
8858 4
8878 3
8882 2
8886 2
8896 4
8900 2
8901 1
8924 1
8926 1
8939 2
8941 1
8945 4
8947 2
8948 1
8955 2
8963 4
8981 1
8982 1
8983 1
8990 1
8998 2
8999 1
9011 8
9012 4
9013 2
9022 1
9027 1
9039 2
9041 2
9043 2
9054 2
9057 2
9060 2
9061 1
9070 1
9071 1
9074 1
9080 2
9081 2
9085 1
9086 1
9088 4
9089 1
9091 2
9104 2
9105 1
9107 1
9117 1
9120 1
9121 1
9122 1
9123 1
9132 1
9133 2
9135 2
9136 1
9138 1
9144 1
9145 1
9147 3
9149 1
9159 1
9175 1
9180 1
9181 2
9184 2
9186 1
9187 1
9188 1
9189 2
9192 2
9193 2
9196 1
9202 2
9203 1
9209 1
9216 1
9226 1
9227 2
9228 2
9229 1
9231 1
9232 1
9233 1
9235 1
9236 2
9238 1
9242 1
9243 1
9244 2
9246 1
9247 1
9250 1
9251 1
9252 1
9253 3
9254 2
9256 1
9257 1
9259 1
9262 1
9263 1
9268 2
9269 1
9274 1
9275 1
9279 1
9281 1
9285 1
9286 1
9288 1
9289 1
9294 1
9298 1
9299 1
9306 1
9307 1
9317 1
9319 2
9325 2
9333 1
9337 1
9338 1
9342 1
9343 2
9345 1
9347 1
9351 2
9352 1
9355 1
9357 1
9371 1
9380 1
9382 1
9392 1
9395 1
9398 2
9407 1
9409 1
9414 2
9416 1
9417 2
9419 2
9425 1
9428 2
9430 1
9433 1
9438 1
9440 1
9445 1
9448 1
9449 2
9456 1
9458 1
9461 1
9478 2
9479 1
9483 2
9487 1
9488 2
9491 1
9492 1
9494 3
9495 1
9497 1
9499 1
9500 1
9507 1
9513 2
9514 1
9515 1
9518 1
9519 2
9521 1
9523 1
9524 1
9539 2
9542 1
9552 1
9556 1
9559 1
9560 1
9562 2
9566 1
9576 2
9577 1
9580 1
9583 1
9585 1
9586 1
9593 1
9594 1
9608 1
9611 1
9613 1
9624 2
9629 1
9638 1
9648 5
9662 1
9666 1
9667 1
9669 3
9670 1
9675 1
9682 1
9697 1
9701 1
9705 1
9722 1
9724 1
9725 1
9726 1
9738 1
9741 1
9742 1
9756 1
9772 1
9773 1
9779 1
9785 1
9791 2
9797 1
9806 1
9809 1
9810 1
9820 1
9821 1
9822 1
9826 1
9831 1
9832 4
9838 1
9839 1
9842 1
9851 1
9856 1
9862 1
9876 2
9882 1
9892 1
9893 3
9898 1
9900 1
9917 1
9922 1
9935 1
9945 1
9956 1
9963 2
9965 1
9969 1
9984 2
9999 4
10000 1
10001 1
10025 1
10033 2
10105 1
10109 1
10129 1
10130 1
10133 1
10137 1
10140 1
10148 1
10160 1
10169 1
10174 1
10176 1
10177 1
10224 1
10236 1
10239 1
10279 2
10280 2
10296 1
10299 1
10343 1
10344 1
10347 1
10356 1
10376 1
10378 1
10401 1
10415 1
10441 1
10447 1
10471 1
10474 2
10477 4
10478 3
10479 2
10482 3
10485 2
10518 2
10520 2
10525 1
10526 2
10529 1
10530 2
10534 3
10535 2
10540 1
10542 2
10550 1
10552 2
10554 2
10558 1
10559 2
10564 3
10591 1
10597 2
10612 1
10618 1
10624 1
10630 1
10636 1
10650 3
10651 1
10658 1
10662 1
10674 1
10676 1
10677 2
10680 4
10686 1
10709 1
10720 1
10727 1
10737 1
10738 1
10740 1
10749 1
10751 1
10760 2
10770 1
10772 4
10773 2
10779 1
10780 3
10788 1
10789 1
10794 1
10800 1
10801 1
10803 1
10809 1
10810 1
10824 1
10825 1
10832 1
10836 1
10838 1
10845 2
10850 1
10852 1
10853 1
10865 1
10875 1
10880 1
10881 1
10883 1
10887 2
10888 1
10889 1
10896 1
10898 1
10906 1
10908 1
10917 2
10921 2
10922 2
10925 1
10928 2
10930 2
10935 1
10936 3
10944 1
10951 2
10952 1
10957 1
10958 1
10960 1
10964 1
10968 1
10975 1
10977 1
10995 1
11004 1
11006 1
11008 1
11023 1
11040 2
11049 1
11058 1
11065 1
11067 1
11073 1
11084 1
11086 1
11095 5
11096 1
11097 2
11101 1
11104 1
11105 1
11121 1
11127 1
11131 4
11143 2
11150 3
11153 1
11157 1
11165 1
11166 2
11168 1
11185 1
11188 1
11199 1
11200 4
11201 1
11202 1
11205 1
11214 1
11216 1
11220 1
11229 1
11238 2
11240 2
11243 1
11246 1
11249 1
11251 1
11259 1
11265 1
11266 1
11268 2
11269 3
11271 1
11276 1
11277 1
11279 1
11280 1
11291 2
11294 2
11297 1
11300 1
11302 1
11305 1
11322 1
11328 1
11335 1
11336 1
11340 3
11350 1
11351 1
11355 1
11364 2
11369 1
11374 2
11376 1
11393 2
11402 1
11408 2
11415 1
11417 2
11424 1
11427 1
11428 1
11441 1
11449 1
11452 2
11455 1
11466 1
11467 1
11468 1
11474 1
11482 1
11483 1
11504 1
11506 1
11508 1
11516 1
11517 1
11531 2
11532 1
11539 2
11546 1
11547 1
11549 1
11552 1
11553 2
11554 1
11558 1
11561 1
11563 1
11566 1
11574 1
11576 1
11580 1
11599 1
11612 1
11632 2
11633 2
11647 1
11649 1
11651 1
11667 2
11672 1
11681 2
11688 1
11691 2
11692 1
11698 1
11701 1
11708 1
11728 1
11731 1
11736 1
11739 1
11760 1
11761 1
11764 1
11766 1
11774 1
11775 1
11782 1
11786 2
11787 2
11789 1
11799 1
11813 1
11836 2
11851 2
11867 6
11874 1
11880 1
11884 1
11886 3
11891 1
11913 1
11922 1
11924 1
11928 1
11932 1
11943 1
11944 2
11946 1
11948 1
11950 1
11951 2
11952 1
11956 7
11957 1
11963 2
11964 1
11965 3
11968 1
11970 2
11971 2
11973 1
11974 1
11975 1
11979 1
11982 2
11993 1
11996 1
12001 1
12015 1
12016 1
12028 1
12031 1
12035 2
12040 1
12042 2
12061 2
12077 2
12085 1
12093 1
12100 1
12108 2
12109 1
12115 1
12135 1
12137 1
12139 1
12140 1
12141 1
12146 1
12150 1
12151 1
12155 1
12159 1
12165 2
12167 2
12170 1
12171 2
12173 2
12174 1
12189 1
12203 1
12204 1
12225 2
12241 2
12243 2
12249 1
12251 1
12266 2
12267 1
12270 3
12275 1
12277 1
12279 2
12280 2
12283 4
12291 1
12294 1
12341 1
12342 1
12343 1
12344 1
12348 1
12350 2
12372 1
12380 1
12394 1
12396 4
12397 1
12399 1
12403 1
12411 1
12413 1
12420 1
12422 1
12423 1
12425 1
12435 1
12437 1
12439 2
12440 1
12442 1
12446 1
12448 2
12451 1
12453 1
12474 1
12494 1
12500 1
12527 1
12573 1
12574 1
12601 1
12605 1
12609 1
12610 1
12620 1
12630 1
12631 2
12640 2
12645 1
12649 1
12654 1
12658 1
12664 2
12665 1
12668 1
12672 1
12674 1
12678 1
12686 1
12698 1
12702 1
12709 1
12714 2
12719 2
12723 1
12726 2
12728 1
12737 1
12748 1
12750 1
12780 1
12792 1
12812 1
12814 1
12832 2
12837 1
12841 1
12859 1
12862 1
12863 1
12904 2
12916 1
12922 1
12933 1
12943 1
12945 1
12946 1
12950 1
12951 2
12953 1
12955 1
12963 2
12981 1
12992 2
12999 1
13002 2
13021 1
13032 1
13033 1
13044 1
13047 1
13061 1
13062 1
13089 1
13090 1
13106 1
13125 1
13126 1
13176 1
13184 1
13195 1
13201 1
13210 1
13211 1
13219 2
13220 1
13224 1
13227 1
13228 2
13230 1
13231 1
13232 2
13233 1
13260 1
13264 1
13266 1
13278 1
13280 2
13285 1
13299 1
13313 1
13321 1
13326 1
13334 3
13340 1
13341 3
13356 1
13365 1
13375 1
13379 1
13381 1
13392 1
13409 1
13410 1
13417 1
13420 3
13433 4
13448 1
13450 3
13460 1
13467 1
13475 1
13476 1
13484 2
13485 1
13486 1
13487 1
13489 1
13492 1
13494 1
13496 1
13498 1
13500 2
13508 1
13516 1
13528 2
13529 1
13530 1
13532 1
13533 1
13543 1
13544 2
13557 1
13562 1
13580 1
13594 1
13602 1
13604 1
13622 3
13643 1
13644 1
13646 1
13650 1
13656 1
13660 1
13662 2
13663 2
13666 1
13668 1
13677 1
13678 1
13681 1
13690 1
13694 2
13696 3
13697 1
13707 1
13726 1
13728 1
13737 1
13744 1
13748 1
13755 1
13767 1
13772 1
13773 1
13786 1
13800 1
13818 1
13820 1
13831 1
13835 1
13836 4
13837 4
13839 1
13840 1
13858 1
13865 1
13869 1
13874 1
13876 1
13877 1
13878 1
13881 1
13887 1
13901 1
13906 1
13912 1
13913 1
13928 1
13945 1
13951 1
13954 1
13957 1
13969 1
13971 1
13972 1
13974 1
13992 1
13993 1
14006 1
14020 1
14031 1
14039 1
14047 1
14048 1
14050 1
14071 1
14073 1
14087 2
14088 1
14090 1
14092 1
14099 1
14111 2
14113 1
14116 1
14126 2
14130 1
14134 1
14140 1
14142 3
14153 1
14171 2
14178 2
14180 2
14192 1
14195 1
14201 1
14202 1
14204 2
14235 1
14243 1
14245 1
14246 1
14263 1
14271 1
14273 1
14280 1
14281 1
14283 1
14284 1
14382 2
14497 2
14575 2
14581 1
14584 1
14676 1
14679 1
14742 2
14753 1
14798 2
14886 1
14907 2
14959 1
15033 1
15041 2
15061 1
15093 1
15114 1
15124 1
15143 1
15145 1
15149 1
15196 1
15233 3
15255 2
15264 2
15290 1
15294 1
15321 2
15335 1
15366 2
15370 2
15396 2
15448 1
15479 2
15506 1
15536 1
15540 1
15545 2
15546 1
15568 1
15570 1
15581 2
15588 2
15607 1
15613 2
15629 1
15711 2
15873 1
15978 1
15980 1
16026 1
16052 2
16162 2
16167 1
16189 1
16282 1
16292 1
16913 1
16914 1
16917 1
16938 2
16995 1
17268 1
17417 1
17421 1
18293 1
18612 1
18824 1
18828 1
19141 1
19173 1
19341 2
19744 1
19841 3
20001 2
20427 1
20432 1
20436 1
20582 1
20631 3
20635 20
20636 6
20637 1
20638 8
20641 2
20649 1
20659 2
20681 5
20682 8
20684 2
20685 4
20687 2
20693 1
21026 1
21187 1
21383 1
21515 1
21737 1
22192 1
22362 1
22402 1
22634 1
22814 1
22937 1
23351 2
23833 1
24045 1
24156 1
24930 1
25397 1
25502 1
25541 1
25587 1
25654 1
25655 1
25755 1
25765 1
25799 1
25818 1
25827 1
25878 1
25901 1
25911 1
25929 1
25932 1
25969 1
26076 1
26082 1
26114 1
26115 1
26118 1
26419 1
27730 1
30001 7
30029 1
34174 1
36412 1
36413 1
37491 1
39944 1
39965 2
40904 1
42053 1
43112 1
45203 2
45414 2
45609 1
46568 1
46791 3
47222 1
47383 2
49455 2
51948 1
51991 2
52813 1
54193 2
55590 1
56010 1
60674 1
62342 1
64312 1
69911 1
72862 1
73758 1
74292 1
95235 1
96254 1
96552 1
