1 302974302
2 30745926
3 1881363
4 2011303
5 656851
6 624091
7 351736
8 360665
9 252809
10 263251
11 189627
12 199445
13 150329
14 153109
15 120394
16 123367
17 99254
18 102129
19 81732
20 82219
21 72874
22 71692
23 60563
24 64950
25 52113
26 52057
27 44475
28 46117
29 38654
30 40994
31 34408
32 34994
33 31190
34 31071
35 28720
36 30004
37 24487
38 24958
39 22543
40 22878
41 20490
42 21682
43 18599
44 18597
45 17146
46 16775
47 15452
48 16466
49 14232
50 14132
51 13309
52 12987
53 12222
54 12645
55 10956
56 11418
57 10761
58 10852
59 9589
60 10652
61 9037
62 9200
63 8500
64 8712
65 8052
66 8618
67 7433
68 7455
69 7033
70 7068
71 6822
72 7289
73 6238
74 6306
75 6089
76 5864
77 5582
78 6012
79 5187
80 5398
81 4973
82 5127
83 4713
84 5239
85 4522
86 4581
87 4364
88 4342
89 6334
90 4424
91 3849
92 3784
93 3650
94 3633
95 3554
96 3868
97 3274
98 3457
99 3192
100 3345
101 3091
102 3446
103 3063
104 3090
105 2881
106 2996
107 2841
108 2948
109 2621
110 2753
111 2567
112 2494
113 2467
114 2614
115 2356
116 2362
117 2933
118 2193
119 2051
120 2334
121 2104
122 2076
123 1993
124 2057
125 1995
126 2219
127 1926
128 1902
129 1885
130 1782
131 2098
132 2002
133 1658
134 1712
135 1642
136 1741
137 1556
138 1706
139 1517
140 1648
141 1442
142 1556
143 1411
144 1505
145 1393
146 1403
147 1267
148 1421
149 1235
150 1457
151 1297
152 1256
153 1296
154 1310
155 1186
156 1283
157 1194
158 1142
159 1110
160 1208
161 1119
162 1188
163 1025
164 1110
165 1047
166 1066
167 997
168 1036
169 1026
170 989
171 1042
172 1001
173 931
174 1003
175 931
176 894
177 863
178 915
179 858
180 957
181 826
182 866
183 770
184 871
185 780
186 827
187 760
188 762
189 760
190 811
191 815
192 756
193 715
194 777
195 697
196 686
197 694
198 747
199 678
200 650
201 616
202 647
203 676
204 694
205 599
206 645
207 674
208 620
209 592
210 618
211 625
212 615
213 563
214 562
215 521
216 977
217 557
218 551
219 501
220 520
221 555
222 546
223 518
224 526
225 530
226 480
227 480
228 534
229 432
230 545
231 456
232 485
233 453
234 518
235 443
236 469
237 436
238 442
239 446
240 459
241 432
242 456
243 398
244 456
245 376
246 424
247 402
248 424
249 434
250 401
251 373
252 406
253 403
254 381
255 373
256 385
257 394
258 375
259 367
260 371
261 355
262 355
263 335
264 354
265 304
266 341
267 343
268 351
269 323
270 328
271 289
272 293
273 346
274 318
275 306
276 327
277 299
278 311
279 318
280 270
281 277
282 292
283 317
284 309
285 334
286 297
287 272
288 290
289 252
290 256
291 285
292 264
293 269
294 278
295 277
296 282
297 301
298 317
299 242
300 313
301 254
302 222
303 225
304 262
305 206
306 302
307 257
308 252
309 234
310 234
311 236
312 242
313 235
314 216
315 245
316 227
317 223
318 224
319 242
320 263
321 237
322 202
323 166
324 208
325 193
326 227
327 200
328 204
329 207
330 216
331 216
332 198
333 223
334 208
335 182
336 202
337 165
338 190
339 213
340 206
341 200
342 235
343 192
344 189
345 189
346 194
347 171
348 178
349 173
350 170
351 178
352 194
353 170
354 166
355 183
356 165
357 165
358 160
359 149
360 184
361 129
362 149
363 859
364 170
365 143
366 155
367 158
368 168
369 137
370 162
371 147
372 148
373 130
374 145
375 157
376 144
377 125
378 166
379 170
380 151
381 134
382 149
383 139
384 149
385 130
386 134
387 122
388 134
389 114
390 123
391 138
392 138
393 134
394 154
395 124
396 149
397 143
398 147
399 126
400 121
401 135
402 130
403 111
404 141
405 130
406 113
407 148
408 136
409 140
410 114
411 122
412 131
413 101
414 132
415 95
416 112
417 111
418 112
419 119
420 122
421 114
422 126
423 121
424 103
425 111
426 113
427 98
428 114
429 101
430 81
431 103
432 115
433 638
434 89
435 99
436 487
437 90
438 94
439 99
440 95
441 104
442 86
443 100
444 90
445 98
446 86
447 117
448 127
449 84
450 84
451 86
452 91
453 91
454 96
455 101
456 93
457 103
458 82
459 93
460 94
461 76
462 105
463 89
464 94
465 81
466 80
467 70
468 96
469 71
470 91
471 82
472 84
473 91
474 99
475 93
476 88
477 80
478 82
479 69
480 67
481 81
482 86
483 77
484 77
485 74
486 87
487 74
488 93
489 92
490 91
491 62
492 91
493 75
494 72
495 72
496 76
497 68
498 79
499 86
500 88
501 63
502 72
503 84
504 83
505 66
506 80
507 72
508 70
509 72
510 55
511 62
512 79
513 94
514 57
515 67
516 72
517 78
518 56
519 378
520 76
521 68
522 60
523 65
524 73
525 61
526 44
527 72
528 58
529 58
530 83
531 70
532 63
533 55
534 61
535 64
536 64
537 65
538 40
539 58
540 69
541 56
542 71
543 84
544 53
545 70
546 60
547 42
548 57
549 65
550 64
551 55
552 57
553 54
554 131
555 183
556 59
557 55
558 51
559 59
560 58
561 50
562 52
563 60
564 56
565 54
566 47
567 58
568 58
569 57
570 63
571 71
572 392
573 385
574 41
575 47
576 55
577 59
578 41
579 44
580 50
581 65
582 61
583 53
584 65
585 52
586 59
587 64
588 46
589 54
590 367
591 366
592 49
593 51
594 48
595 50
596 50
597 45
598 56
599 41
600 60
601 60
602 44
603 35
604 52
605 38
606 47
607 47
608 55
609 62
610 40
611 40
612 43
613 48
614 34
615 60
616 47
617 40
618 57
619 34
620 47
621 52
622 49
623 40
624 52
625 40
626 38
627 51
628 34
629 56
630 54
631 35
632 41
633 36
634 36
635 51
636 32
637 28
638 41
639 51
640 46
641 44
642 38
643 38
644 46
645 30
646 37
647 36
648 46
649 47
650 40
651 40
652 47
653 31
654 35
655 373
656 28
657 33
658 36
659 33
660 41
661 22
662 43
663 38
664 30
665 28
666 47
667 39
668 29
669 27
670 27
671 32
672 37
673 34
674 37
675 36
676 36
677 32
678 38
679 33
680 27
681 38
682 36
683 32
684 30
685 39
686 25
687 32
688 38
689 42
690 30
691 37
692 45
693 35
694 26
695 34
696 36
697 23
698 21
699 37
700 31
701 36
702 24
703 32
704 33
705 23
706 32
707 34
708 36
709 35
710 34
711 26
712 29
713 34
714 28
715 30
716 30
717 21
718 29
719 27
720 31
721 45
722 39
723 39
724 31
725 37
726 34
727 25
728 36
729 33
730 31
731 21
732 33
733 29
734 22
735 24
736 24
737 31
738 27
739 37
740 38
741 32
742 24
743 26
744 19
745 31
746 28
747 24
748 25
749 24
750 34
751 26
752 31
753 18
754 37
755 25
756 21
757 20
758 25
759 29
760 28
761 21
762 30
763 29
764 27
765 19
766 27
767 16
768 32
769 24
770 25
771 27
772 28
773 27
774 27
775 23
776 27
777 24
778 26
779 25
780 28
781 21
782 28
783 18
784 31
785 29
786 16
787 25
788 22
789 24
790 18
791 28
792 24
793 20
794 23
795 21
796 16
797 25
798 18
799 18
800 27
801 24
802 25
803 23
804 26
805 22
806 22
807 25
808 21
809 19
810 25
811 30
812 22
813 28
814 17
815 24
816 21
817 17
818 21
819 24
820 17
821 20
822 30
823 19
824 20
825 22
826 19
827 27
828 20
829 23
830 30
831 22
832 24
833 19
834 21
835 14
836 23
837 23
838 19
839 16
840 26
841 30
842 16
843 21
844 26
845 17
846 24
847 23
848 24
849 22
850 16
851 25
852 30
853 12
854 15
855 17
856 19
857 16
858 21
859 23
860 11
861 18
862 11
863 23
864 26
865 23
866 24
867 20
868 22
869 17
870 48
871 19
872 20
873 19
874 11
875 18
876 28
877 9
878 21
879 22
880 20
881 13
882 22
883 19
884 22
885 24
886 20
887 18
888 17
889 20
890 22
891 19
892 15
893 16
894 15
895 7
896 14
897 12
898 18
899 12
900 14
901 13
902 18
903 28
904 15
905 16
906 29
907 11
908 11
909 18
910 10
911 29
912 18
913 28
914 21
915 14
916 11
917 15
918 13
919 16
920 14
921 15
922 21
923 17
924 6
925 16
926 17
927 14
928 17
929 13
930 16
931 24
932 21
933 14
934 15
935 19
936 16
937 16
938 15
939 21
940 8
941 13
942 16
943 9
944 14
945 19
946 20
947 12
948 22
949 18
950 15
951 21
952 18
953 13
954 10
955 20
956 20
957 19
958 10
959 21
960 21
961 20
962 17
963 12
964 7
965 9
966 15
967 8
968 14
969 23
970 12
971 13
972 12
973 13
974 17
975 13
976 17
977 21
978 19
979 16
980 12
981 14
982 18
983 7
984 14
985 10
986 21
987 18
988 15
989 14
990 22
991 11
992 9
993 16
994 12
995 24
996 8
997 16
998 18
999 14
1000 13
1001 47
1002 10
1003 28
1004 17
1005 17
1006 12
1007 16
1008 13
1009 16
1010 15
1011 18
1012 16
1013 17
1014 18
1015 13
1016 19
1017 13
1018 17
1019 11
1020 12
1021 16
1022 12
1023 16
1024 14
1025 14
1026 13
1027 24
1028 12
1029 17
1030 18
1031 17
1032 11
1033 10
1034 18
1035 9
1036 25
1037 12
1038 8
1039 7
1040 14
1041 9
1042 19
1043 13
1044 13
1045 16
1046 15
1047 13
1048 9
1049 11
1050 13
1051 11
1052 8
1053 13
1054 13
1055 15
1056 8
1057 13
1058 5
1059 9
1060 14
1061 11
1062 8
1063 16
1064 13
1065 16
1066 12
1067 13
1068 18
1069 18
1070 10
1071 14
1072 6
1073 17
1074 10
1075 7
1076 7
1077 10
1078 4
1079 8
1080 11
1081 8
1082 19
1083 11
1084 13
1085 9
1086 7
1087 10
1088 7
1089 15
1090 7
1091 14
1092 12
1093 11
1094 12
1095 11
1096 14
1097 6
1098 9
1099 11
1100 13
1101 12
1102 11
1103 9
1104 10
1105 13
1106 12
1107 8
1108 7
1109 6
1110 10
1111 15
1112 18
1113 13
1114 12
1115 11
1116 12
1117 4
1118 9
1119 12
1120 21
1121 17
1122 6
1123 14
1124 9
1125 5
1126 11
1127 8
1128 11
1129 8
1130 14
1131 9
1132 5
1133 9
1134 4
1135 16
1136 9
1137 10
1138 10
1139 6
1140 7
1141 8
1142 12
1143 10
1144 13
1145 8
1146 8
1147 6
1148 12
1149 12
1150 5
1151 13
1152 14
1153 14
1154 6
1155 5
1156 13
1157 10
1158 12
1159 10
1160 12
1161 8
1162 10
1163 9
1164 6
1165 15
1166 11
1167 11
1168 10
1169 16
1170 9
1171 16
1172 5
1173 5
1174 10
1175 10
1176 8
1177 8
1178 10
1179 10
1180 5
1181 8
1182 16
1183 8
1184 8
1185 7
1186 7
1187 9
1188 9
1189 12
1190 10
1191 5
1192 11
1193 7
1194 10
1195 7
1196 5
1197 6
1198 10
1199 12
1200 9
1201 7
1202 8
1203 6
1204 7
1205 9
1206 5
1207 15
1208 14
1209 11
1210 9
1211 12
1212 9
1213 10
1214 9
1215 7
1216 9
1217 18
1218 5
1219 8
1220 10
1221 8
1222 9
1223 6
1224 7
1225 11
1226 7
1227 8
1228 6
1229 7
1230 10
1231 13
1232 10
1233 15
1234 11
1235 12
1236 13
1237 11
1238 7
1239 6
1240 12
1241 5
1242 11
1243 5
1244 7
1245 6
1246 9
1247 12
1248 9
1249 7
1250 6
1251 9
1252 6
1253 10
1254 9
1255 2
1256 14
1257 6
1258 10
1259 17
1260 8
1261 10
1262 10
1263 6
1264 4
1265 5
1266 5
1267 8
1268 6
1269 4
1270 5
1271 9
1272 12
1273 8
1274 4
1275 13
1276 10
1277 13
1278 10
1279 7
1280 7
1281 6
1282 7
1283 3
1284 5
1285 9
1286 9
1287 13
1288 6
1289 6
1290 7
1291 5
1292 6
1293 4
1294 12
1295 8
1296 5
1297 7
1298 9
1299 8
1300 11
1301 11
1302 12
1303 8
1304 15
1305 5
1306 10
1307 8
1308 14
1309 12
1310 5
1311 7
1312 8
1313 9
1314 6
1315 10
1316 9
1317 11
1318 7
1319 7
1320 4
1321 8
1322 8
1323 9
1324 10
1325 4
1326 4
1327 6
1328 8
1329 4
1330 12
1331 7
1332 7
1333 5
1334 7
1335 8
1336 7
1337 8
1338 5
1339 6
1340 9
1341 3
1342 6
1343 8
1344 13
1345 6
1346 11
1347 8
1348 10
1349 8
1350 6
1351 7
1352 7
1353 5
1354 3
1355 8
1356 9
1357 10
1358 7
1359 16
1360 8
1361 6
1362 11
1363 7
1364 6
1365 1
1366 9
1367 8
1369 8
1370 6
1371 9
1372 7
1373 3
1374 7
1375 7
1376 8
1377 6
1378 11
1379 11
1380 3
1381 11
1382 7
1383 6
1384 5
1385 6
1386 5
1387 9
1388 6
1389 6
1390 8
1391 6
1392 8
1393 6
1394 4
1395 8
1396 4
1397 14
1398 5
1399 4
1400 7
1401 2
1402 5
1403 8
1404 12
1405 8
1406 5
1407 10
1408 10
1409 5
1410 2
1411 5
1412 6
1413 7
1414 12
1415 5
1416 7
1417 8
1418 1
1419 2
1420 7
1421 8
1422 9
1423 8
1424 10
1425 4
1426 2
1427 6
1428 6
1429 6
1430 9
1431 7
1432 8
1433 2
1434 6
1435 1
1436 6
1437 4
1438 5
1439 5
1440 1
1441 7
1442 3
1443 9
1444 5
1445 6
1446 8
1447 5
1448 16
1449 3
1450 9
1451 6
1452 8
1453 8
1454 6
1455 5
1456 4
1457 5
1458 7
1459 4
1460 5
1461 6
1462 6
1463 12
1464 10
1465 4
1466 5
1467 7
1468 3
1469 5
1470 4
1471 3
1472 6
1473 5
1474 7
1475 11
1476 5
1477 9
1478 8
1479 6
1480 5
1481 5
1482 4
1483 6
1484 9
1485 10
1486 6
1488 3
1489 6
1490 3
1491 6
1492 5
1493 1
1494 8
1495 5
1496 1
1497 8
1498 1
1499 3
1500 3
1501 5
1502 7
1503 1
1504 9
1505 9
1506 3
1507 3
1508 4
1509 9
1510 4
1511 9
1512 7
1513 5
1514 3
1515 6
1516 7
1517 9
1518 7
1519 2
1520 6
1521 6
1522 5
1523 1
1524 4
1525 3
1526 12
1527 7
1528 4
1529 6
1530 6
1531 2
1532 4
1533 5
1534 5
1535 3
1536 3
1537 5
1538 3
1539 7
1540 5
1541 8
1542 9
1543 3
1544 5
1545 5
1546 7
1547 2
1548 6
1549 5
1550 1
1551 7
1552 5
1553 3
1554 3
1555 5
1556 8
1557 3
1558 6
1559 3
1561 3
1562 3
1563 7
1564 4
1565 6
1566 8
1567 3
1568 6
1569 4
1570 2
1571 8
1572 7
1573 10
1574 3
1575 3
1576 7
1577 9
1578 3
1579 4
1580 1
1581 8
1582 3
1583 6
1584 9
1585 4
1586 8
1587 5
1588 5
1589 5
1590 5
1591 4
1592 9
1593 2
1594 6
1595 4
1596 6
1597 1
1598 3
1599 2
1600 8
1601 5
1602 2
1603 2
1604 10
1605 9
1606 2
1607 6
1608 6
1609 4
1610 7
1611 3
1612 3
1613 2
1614 5
1615 6
1616 3
1617 9
1618 1
1619 4
1620 5
1621 4
1622 8
1623 2
1624 11
1625 4
1626 8
1627 2
1628 5
1629 4
1630 3
1631 3
1632 5
1633 5
1634 9
1635 6
1636 3
1637 4
1638 4
1639 4
1640 4
1641 2
1642 4
1643 2
1644 4
1645 5
1646 4
1647 5
1648 6
1649 6
1650 5
1651 4
1652 8
1653 4
1654 6
1655 4
1657 3
1658 3
1659 1
1660 5
1661 2
1662 5
1663 6
1664 4
1665 5
1666 5
1667 4
1668 1
1669 1
1670 6
1671 4
1672 3
1673 3
1674 5
1675 2
1676 4
1677 3
1678 5
1679 5
1680 3
1681 5
1682 2
1683 6
1684 5
1685 4
1686 4
1687 4
1688 3
1689 5
1690 8
1691 5
1692 6
1693 2
1694 5
1695 2
1696 4
1697 7
1698 9
1699 3
1700 4
1701 2
1702 8
1703 8
1704 3
1705 3
1706 7
1707 5
1708 5
1709 5
1710 1
1711 1
1712 2
1713 2
1714 4
1715 1
1716 3
1717 1
1718 1
1719 5
1720 5
1721 6
1722 7
1723 4
1724 5
1725 4
1726 5
1727 5
1728 5
1729 6
1730 5
1731 3
1732 4
1733 3
1734 3
1735 3
1736 3
1737 3
1738 5
1739 4
1740 1
1741 7
1742 3
1743 2
1744 4
1745 4
1746 3
1747 3
1748 2
1749 4
1750 1
1751 7
1752 6
1753 8
1754 3
1755 2
1756 5
1757 4
1758 6
1759 3
1760 5
1761 4
1762 2
1763 5
1764 7
1765 10
1766 1
1767 6
1768 2
1769 3
1770 3
1771 3
1772 2
1773 6
1774 4
1775 3
1776 2
1777 4
1778 3
1779 9
1780 3
1781 5
1782 3
1783 4
1784 3
1785 5
1786 3
1787 1
1788 4
1789 1
1790 4
1791 1
1792 7
1793 2
1794 5
1795 1
1796 7
1797 6
1798 4
1799 1
1800 4
1801 3
1802 2
1803 4
1804 4
1805 2
1806 1
1807 5
1808 3
1809 2
1810 2
1811 6
1812 4
1813 2
1814 1
1815 2
1816 7
1817 2
1818 2
1819 5
1820 1
1821 2
1822 6
1823 1
1824 1
1825 2
1826 5
1827 2
1828 6
1829 5
1830 6
1831 2
1832 1
1833 4
1834 3
1835 5
1836 4
1837 6
1838 3
1839 2
1840 6
1841 3
1842 4
1843 3
1844 1
1845 4
1846 2
1847 1
1848 1
1849 3
1850 5
1851 4
1852 2
1853 1
1854 3
1855 4
1856 1
1857 5
1859 4
1860 2
1861 4
1862 3
1863 4
1864 4
1865 5
1866 3
1867 4
1868 1
1869 1
1870 5
1871 2
1872 3
1873 4
1874 4
1875 2
1876 2
1877 5
1878 2
1879 5
1880 1
1881 1
1883 2
1884 7
1885 4
1886 2
1887 2
1888 8
1889 2
1890 4
1891 3
1892 5
1893 5
1894 3
1895 7
1896 4
1897 3
1898 3
1899 3
1900 1
1901 2
1902 2
1903 2
1904 4
1905 3
1906 2
1907 2
1908 3
1909 2
1910 1
1912 3
1914 2
1916 1
1917 2
1918 1
1919 3
1920 4
1921 3
1922 4
1923 2
1924 1
1925 3
1926 2
1927 4
1928 5
1929 2
1930 6
1931 6
1932 4
1933 1
1934 4
1935 6
1937 2
1938 2
1939 4
1940 4
1941 2
1942 4
1943 3
1944 5
1945 1
1946 4
1947 1
1948 1
1949 2
1950 1
1951 2
1952 5
1953 1
1955 5
1956 1
1957 6
1958 1
1959 5
1960 3
1961 1
1962 4
1963 2
1964 3
1965 2
1966 3
1967 3
1968 3
1969 1
1970 3
1972 2
1973 1
1974 6
1975 5
1976 2
1977 4
1978 1
1979 4
1980 5
1981 3
1982 4
1983 2
1984 3
1985 2
1986 1
1987 5
1988 2
1989 4
1990 5
1991 1
1992 1
1993 4
1994 1
1995 3
1996 1
1997 3
1998 2
1999 4
2000 3
2001 4
2002 6
2003 5
2004 1
2005 11
2006 2
2007 4
2008 4
2010 7
2011 5
2012 4
2013 4
2014 1
2015 1
2016 3
2017 1
2019 4
2020 3
2021 2
2022 2
2023 2
2024 5
2025 3
2026 6
2027 5
2028 2
2029 3
2030 2
2031 1
2032 4
2033 2
2034 7
2035 2
2036 4
2037 3
2038 3
2039 7
2040 2
2041 5
2042 3
2043 1
2044 1
2046 4
2047 2
2048 1
2049 1
2050 3
2051 5
2052 4
2053 5
2054 1
2055 6
2056 5
2057 2
2058 4
2059 1
2060 2
2061 6
2062 2
2063 1
2064 1
2065 3
2066 1
2067 5
2068 4
2069 1
2070 2
2071 1
2072 2
2073 5
2074 3
2075 3
2076 1
2077 3
2078 7
2079 2
2080 5
2081 3
2082 1
2083 1
2084 1
2085 1
2086 4
2087 2
2088 1
2089 4
2090 1
2091 7
2092 2
2094 3
2095 3
2096 2
2097 1
2098 1
2099 3
2101 2
2102 3
2103 4
2104 2
2105 5
2106 3
2107 2
2108 4
2110 2
2111 1
2112 2
2113 3
2114 2
2116 2
2117 1
2119 2
2120 2
2121 1
2122 2
2123 5
2124 2
2125 3
2126 5
2127 6
2128 4
2129 3
2131 2
2132 3
2133 1
2134 4
2136 2
2137 2
2138 2
2139 2
2140 7
2141 2
2142 1
2144 3
2145 2
2146 1
2147 3
2148 1
2149 4
2151 2
2152 1
2153 2
2154 3
2155 2
2156 1
2157 2
2159 2
2160 2
2161 3
2163 1
2164 1
2165 2
2166 1
2167 2
2168 1
2169 4
2170 2
2172 5
2173 2
2174 1
2175 3
2176 1
2178 2
2179 1
2180 1
2181 2
2182 1
2183 1
2184 1
2185 1
2186 3
2187 4
2188 1
2189 1
2191 1
2192 3
2193 4
2194 2
2195 2
2196 2
2197 3
2198 2
2199 3
2200 1
2201 1
2202 1
2203 4
2204 3
2205 5
2206 5
2207 2
2208 3
2209 2
2210 3
2211 3
2213 1
2214 4
2215 1
2216 2
2218 2
2219 4
2220 2
2221 2
2222 4
2223 3
2225 3
2226 2
2227 1
2228 2
2229 5
2230 3
2231 1
2232 2
2233 3
2235 4
2236 3
2237 1
2239 5
2240 2
2241 5
2242 3
2243 1
2244 4
2245 3
2246 5
2247 5
2248 1
2250 2
2251 2
2252 2
2253 2
2254 3
2255 2
2256 4
2257 1
2258 5
2260 1
2261 5
2262 1
2263 2
2264 5
2265 1
2266 2
2267 5
2268 1
2269 1
2270 3
2271 3
2272 3
2273 4
2274 3
2275 1
2276 3
2277 2
2278 3
2279 1
2280 5
2281 2
2282 4
2283 1
2285 3
2287 2
2288 2
2289 2
2290 1
2291 2
2292 4
2293 1
2295 1
2296 2
2297 2
2298 2
2299 3
2300 1
2301 3
2302 4
2303 6
2304 3
2306 3
2307 1
2308 3
2309 2
2310 1
2311 2
2312 4
2315 3
2316 1
2317 1
2318 3
2320 3
2321 2
2322 1
2324 1
2325 1
2326 4
2327 4
2328 3
2329 1
2330 3
2331 1
2332 2
2333 2
2335 5
2338 3
2339 2
2340 2
2341 2
2343 3
2344 1
2345 1
2346 2
2348 1
2349 3
2350 2
2351 2
2352 1
2354 3
2355 1
2356 3
2357 5
2358 5
2360 3
2361 1
2362 3
2363 2
2364 3
2365 1
2367 1
2368 3
2369 2
2371 2
2372 3
2373 1
2374 5
2375 3
2376 2
2377 2
2378 2
2380 2
2382 1
2384 1
2385 2
2386 1
2387 2
2389 1
2390 4
2392 1
2393 4
2395 2
2396 3
2397 3
2398 2
2399 1
2400 2
2401 1
2402 1
2403 3
2404 2
2405 4
2406 2
2407 1
2408 2
2409 3
2410 1
2411 3
2412 3
2413 1
2414 2
2415 4
2416 3
2417 2
2418 1
2419 4
2420 1
2421 4
2422 2
2423 2
2424 3
2425 2
2426 4
2427 1
2428 3
2429 1
2430 2
2431 2
2432 2
2433 2
2434 1
2435 3
2437 1
2438 3
2439 2
2440 5
2441 1
2442 3
2443 3
2444 3
2445 2
2447 3
2448 1
2449 2
2450 3
2451 6
2452 1
2453 3
2454 1
2455 4
2456 2
2458 1
2460 1
2462 2
2463 2
2464 4
2465 2
2466 1
2467 2
2469 2
2471 1
2472 1
2473 2
2474 1
2475 1
2476 2
2477 1
2478 3
2479 1
2480 1
2481 2
2482 2
2484 1
2485 1
2486 3
2487 1
2488 2
2491 2
2493 4
2496 1
2500 2
2501 2
2502 1
2503 2
2504 3
2505 1
2506 2
2508 2
2509 1
2511 1
2512 2
2514 3
2515 1
2519 3
2520 1
2523 2
2524 6
2526 1
2527 2
2528 4
2529 1
2530 1
2531 1
2532 2
2533 2
2534 2
2535 1
2536 2
2537 1
2539 2
2540 2
2541 1
2542 1
2543 2
2544 2
2545 2
2547 1
2548 2
2549 2
2550 2
2551 2
2552 2
2553 1
2554 3
2557 2
2558 3
2559 2
2560 1
2561 3
2562 2
2563 1
2564 2
2565 1
2566 1
2567 4
2568 1
2569 3
2570 2
2571 3
2572 2
2574 1
2575 4
2576 1
2577 2
2579 1
2580 1
2581 2
2582 2
2583 3
2584 2
2585 3
2586 3
2587 1
2588 2
2592 1
2593 1
2594 1
2595 2
2596 2
2597 4
2598 4
2599 2
2600 1
2601 2
2602 3
2603 1
2604 1
2605 2
2606 2
2607 2
2608 1
2609 1
2611 3
2612 2
2613 4
2614 1
2615 2
2617 2
2620 3
2621 1
2622 3
2623 1
2625 2
2626 2
2627 2
2629 1
2630 1
2631 1
2632 1
2633 2
2635 5
2638 1
2639 2
2640 2
2641 1
2642 1
2643 4
2644 1
2647 5
2649 1
2650 1
2651 1
2652 2
2653 2
2654 2
2655 2
2656 3
2657 1
2660 1
2661 2
2662 3
2663 3
2664 2
2665 3
2666 1
2667 3
2668 1
2669 2
2670 1
2671 1
2672 3
2673 1
2674 3
2675 2
2677 1
2678 2
2679 4
2680 1
2681 2
2682 2
2683 2
2685 5
2687 3
2689 1
2690 1
2691 3
2692 1
2695 2
2697 3
2698 1
2699 2
2701 2
2702 1
2703 1
2704 3
2705 2
2706 1
2707 3
2709 1
2713 1
2714 1
2716 1
2717 1
2721 2
2722 2
2723 1
2726 1
2727 1
2728 4
2729 2
2730 2
2731 4
2732 1
2734 1
2735 3
2736 2
2737 4
2738 2
2740 2
2741 2
2742 1
2743 3
2744 2
2745 1
2746 2
2747 1
2750 2
2752 4
2753 2
2754 1
2755 2
2758 1
2759 4
2760 3
2762 1
2763 1
2764 3
2766 1
2768 1
2769 2
2772 1
2773 2
2775 2
2776 2
2777 2
2781 1
2782 3
2783 4
2784 2
2785 3
2786 2
2787 1
2788 2
2789 1
2791 2
2792 1
2793 1
2795 1
2796 1
2797 3
2799 2
2800 1
2801 1
2803 3
2805 1
2806 4
2807 1
2808 1
2809 4
2810 2
2811 2
2812 1
2814 1
2817 1
2819 1
2821 3
2823 1
2824 2
2825 2
2826 1
2827 2
2830 1
2831 3
2832 1
2833 4
2834 1
2836 1
2838 2
2839 1
2840 1
2841 1
2844 1
2845 2
2846 1
2847 3
2848 1
2849 2
2850 1
2851 1
2852 1
2853 2
2855 1
2857 1
2858 2
2859 2
2861 2
2864 3
2866 1
2868 2
2869 1
2871 4
2873 2
2874 1
2875 2
2876 1
2877 2
2878 1
2880 2
2882 1
2883 2
2884 1
2885 1
2886 3
2887 1
2888 2
2889 2
2890 2
2891 2
2892 3
2893 1
2894 2
2896 2
2900 1
2901 1
2902 1
2903 2
2904 1
2905 1
2906 1
2907 3
2909 1
2911 1
2912 4
2913 1
2914 2
2916 3
2917 2
2919 1
2920 2
2921 2
2922 4
2923 2
2925 2
2927 1
2928 1
2929 1
2930 1
2931 1
2933 1
2935 2
2937 1
2938 3
2939 2
2943 2
2944 5
2946 1
2947 3
2948 1
2949 1
2950 1
2954 1
2955 1
2958 1
2959 1
2960 1
2962 1
2963 1
2965 1
2966 1
2967 2
2968 2
2970 1
2971 1
2972 2
2973 2
2974 2
2975 2
2976 3
2977 2
2978 1
2980 1
2982 2
2983 1
2984 1
2986 3
2987 2
2989 1
2991 1
2992 1
2994 2
2996 3
3000 2
3001 1
3002 1
3003 1
3006 2
3007 2
3008 1
3009 2
3010 1
3011 2
3013 3
3014 2
3016 4
3017 2
3018 2
3019 4
3020 2
3021 1
3022 1
3023 1
3024 3
3025 3
3026 1
3027 1
3029 3
3030 3
3031 1
3033 1
3034 1
3035 3
3036 1
3038 2
3039 1
3040 2
3042 2
3045 1
3046 1
3048 3
3050 3
3051 1
3052 1
3053 3
3054 1
3055 3
3057 4
3062 2
3064 2
3067 1
3068 1
3069 3
3070 1
3071 1
3072 1
3075 1
3078 4
3079 1
3080 1
3082 1
3083 1
3085 1
3086 2
3087 3
3088 1
3089 1
3090 1
3091 1
3092 2
3093 4
3094 3
3095 1
3096 1
3098 1
3099 1
3100 1
3101 3
3102 1
3103 1
3104 3
3105 1
3106 4
3107 3
3109 2
3111 2
3112 1
3113 1
3114 2
3115 1
3116 1
3117 1
3121 1
3122 1
3123 2
3124 1
3127 1
3128 2
3129 1
3130 1
3131 2
3132 2
3133 2
3135 1
3138 2
3139 1
3140 2
3141 3
3142 4
3144 5
3145 1
3146 3
3147 1
3149 2
3150 2
3151 1
3152 1
3153 1
3155 3
3156 4
3158 1
3159 1
3160 4
3166 1
3167 1
3168 4
3169 1
3170 3
3171 2
3172 1
3173 3
3177 1
3179 1
3181 3
3182 1
3184 4
3185 3
3186 1
3187 1
3188 1
3189 2
3190 2
3193 3
3194 2
3195 2
3196 1
3199 4
3200 2
3201 1
3202 1
3204 2
3205 1
3206 2
3207 1
3208 2
3210 1
3211 1
3212 1
3213 1
3214 2
3215 1
3216 1
3217 1
3219 1
3220 1
3221 2
3222 1
3223 2
3225 2
3227 3
3228 1
3229 1
3230 1
3231 1
3233 1
3234 2
3235 1
3236 3
3238 1
3239 1
3241 1
3244 1
3246 1
3247 1
3248 3
3249 2
3251 3
3253 2
3255 2
3258 2
3260 1
3263 1
3265 2
3266 1
3269 1
3270 1
3271 1
3276 1
3277 2
3278 2
3279 2
3280 2
3283 2
3284 1
3285 3
3286 1
3287 1
3288 5
3289 1
3291 2
3296 1
3298 2
3299 1
3301 2
3302 2
3303 1
3305 1
3307 1
3308 5
3309 1
3310 1
3311 2
3312 2
3313 2
3314 1
3315 1
3318 1
3319 1
3320 1
3321 1
3322 1
3323 1
3324 3
3325 2
3326 1
3327 1
3328 3
3329 3
3331 1
3332 2
3333 2
3334 2
3335 1
3338 1
3339 1
3341 3
3343 1
3344 2
3346 2
3347 1
3349 1
3350 1
3353 1
3354 1
3356 1
3357 1
3358 2
3359 2
3361 2
3362 1
3363 3
3365 4
3366 1
3367 1
3370 2
3372 1
3374 1
3377 1
3380 4
3381 2
3382 1
3384 1
3385 1
3386 1
3387 3
3388 2
3390 1
3391 2
3393 1
3394 1
3395 2
3396 1
3397 1
3400 2
3401 4
3403 1
3404 1
3405 2
3406 2
3407 2
3408 1
3409 3
3410 1
3416 1
3417 1
3419 2
3420 1
3421 2
3422 3
3424 1
3425 3
3426 1
3430 1
3431 2
3433 2
3435 1
3436 1
3439 2
3440 1
3441 1
3444 1
3448 1
3449 1
3451 2
3453 3
3455 1
3456 2
3457 1
3458 1
3459 1
3461 2
3464 2
3465 1
3466 1
3468 5
3469 2
3470 1
3473 2
3474 1
3476 1
3477 3
3478 2
3479 2
3480 1
3482 1
3483 1
3484 1
3485 3
3487 2
3488 1
3489 3
3490 1
3492 2
3497 2
3502 3
3504 2
3506 2
3507 1
3509 3
3511 2
3512 1
3514 3
3517 2
3518 1
3519 1
3520 3
3521 4
3524 2
3525 1
3527 1
3528 2
3529 3
3530 1
3532 1
3533 2
3536 1
3537 1
3538 1
3540 1
3542 2
3543 2
3544 3
3545 1
3546 1
3547 1
3548 1
3550 1
3551 1
3552 1
3554 1
3555 1
3558 1
3561 1
3562 2
3563 1
3564 3
3565 1
3566 1
3569 1
3572 1
3576 1
3582 1
3584 2
3586 1
3587 2
3589 1
3591 1
3592 1
3597 1
3601 1
3604 2
3606 1
3607 1
3609 1
3610 1
3611 1
3612 2
3613 1
3615 1
3616 2
3621 1
3622 1
3624 1
3625 1
3627 2
3628 1
3630 2
3631 5
3633 2
3634 1
3635 2
3640 1
3641 3
3643 1
3644 1
3645 1
3646 2
3647 1
3648 1
3649 3
3650 2
3651 1
3652 1
3653 3
3654 1
3655 1
3659 2
3663 2
3666 1
3668 1
3674 1
3676 2
3677 1
3679 1
3680 1
3681 1
3683 2
3684 1
3685 1
3686 1
3690 1
3691 1
3693 1
3694 2
3695 2
3699 2
3700 1
3701 2
3702 1
3703 1
3711 1
3714 1
3715 1
3716 1
3717 1
3718 1
3719 1
3720 1
3721 2
3722 2
3723 1
3729 2
3732 3
3733 2
3734 1
3735 1
3736 2
3737 2
3738 2
3742 1
3745 1
3750 2
3752 2
3754 1
3755 1
3756 1
3760 2
3761 1
3763 1
3767 1
3768 2
3769 1
3775 2
3776 1
3781 1
3785 2
3786 1
3787 1
3792 1
3793 1
3794 1
3795 1
3798 2
3800 3
3801 2
3802 1
3803 1
3804 1
3806 2
3810 2
3811 1
3812 1
3813 2
3814 1
3820 1
3821 1
3822 1
3825 1
3826 2
3830 2
3832 1
3835 1
3837 3
3839 1
3842 1
3844 2
3845 1
3846 2
3848 2
3849 3
3850 2
3851 1
3852 1
3854 1
3856 1
3859 2
3860 1
3861 1
3862 1
3863 1
3864 1
3868 2
3870 1
3874 3
3876 2
3878 3
3881 2
3882 3
3883 1
3885 1
3888 1
3893 1
3894 1
3896 1
3897 2
3898 1
3902 4
3906 1
3907 2
3908 3
3909 1
3911 1
3914 1
3915 1
3916 2
3917 2
3919 1
3920 1
3921 1
3922 1
3923 2
3924 1
3926 1
3928 2
3929 2
3944 2
3945 1
3946 1
3947 1
3952 1
3953 1
3955 1
3959 1
3960 1
3962 2
3964 1
3965 1
3966 1
3974 1
3977 1
3978 2
3979 1
3981 2
3984 2
3985 5
3986 1
3987 1
3988 2
3989 1
3990 2
3995 2
3996 1
3997 1
4003 2
4004 2
4005 1
4006 1
4007 2
4011 1
4013 1
4015 1
4019 1
4024 1
4026 2
4027 1
4028 2
4029 4
4031 2
4032 3
4043 2
4050 1
4051 2
4052 1
4055 1
4056 1
4057 1
4063 1
4064 1
4066 1
4067 1
4068 3
4072 2
4073 2
4075 1
4076 1
4077 1
4078 2
4079 1
4080 2
4081 2
4082 1
4083 1
4086 2
4087 1
4088 2
4089 1
4090 1
4092 2
4095 1
4097 1
4098 2
4099 3
4101 2
4102 2
4104 1
4105 2
4107 1
4110 1
4111 1
4113 1
4114 1
4115 1
4116 2
4118 1
4121 1
4122 1
4123 2
4124 1
4125 1
4127 1
4128 2
4130 2
4135 1
4136 1
4137 1
4139 1
4140 1
4141 1
4142 1
4145 1
4146 2
4148 1
4150 1
4156 1
4158 1
4160 1
4161 1
4162 1
4164 1
4169 1
4171 2
4178 1
4179 1
4186 1
4187 1
4188 1
4189 1
4191 2
4195 2
4196 2
4197 2
4198 2
4202 1
4206 1
4208 1
4209 2
4211 1
4214 1
4215 1
4216 1
4218 3
4225 1
4227 1
4229 1
4239 1
4240 2
4244 1
4249 1
4253 1
4255 2
4257 1
4258 1
4260 1
4262 1
4263 1
4265 2
4270 1
4272 2
4275 1
4281 1
4282 1
4283 1
4286 1
4287 2
4290 1
4292 1
4297 1
4298 1
4301 2
4304 1
4305 1
4308 2
4309 2
4310 2
4311 2
4312 1
4314 1
4316 1
4321 1
4322 1
4323 1
4326 1
4327 2
4331 1
4332 1
4333 1
4334 1
4337 1
4339 1
4340 1
4341 3
4342 1
4343 1
4344 1
4346 1
4347 1
4350 1
4352 1
4353 1
4356 3
4357 1
4360 1
4362 1
4365 2
4368 1
4373 2
4374 1
4377 1
4380 3
4381 1
4382 1
4383 2
4384 2
4392 1
4393 1
4394 2
4400 1
4405 1
4407 1
4417 1
4421 1
4427 1
4428 1
4432 1
4433 1
4435 1
4438 1
4440 1
4443 1
4444 1
4445 1
4448 1
4452 2
4456 1
4458 1
4459 1
4460 1
4463 1
4464 1
4465 2
4466 1
4467 1
4468 1
4470 1
4475 2
4477 1
4478 1
4482 1
4488 1
4490 1
4492 1
4503 1
4505 1
4508 1
4512 1
4513 1
4514 1
4515 1
4517 2
4520 1
4521 3
4527 1
4530 1
4532 1
4533 1
4535 1
4536 1
4538 2
4541 1
4542 1
4546 1
4547 1
4548 1
4555 1
4556 1
4563 2
4564 1
4565 1
4566 1
4568 2
4570 1
4572 1
4574 1
4575 1
4576 2
4578 1
4581 1
4583 1
4584 1
4587 1
4588 1
4589 1
4590 1
4592 1
4596 3
4600 1
4607 1
4609 3
4610 1
4611 1
4612 1
4616 1
4619 1
4621 1
4624 1
4625 1
4628 1
4629 2
4633 1
4638 1
4640 1
4641 1
4645 2
4646 1
4647 1
4648 1
4657 2
4658 2
4659 2
4664 1
4665 1
4666 1
4671 1
4673 1
4674 1
4681 2
4682 1
4683 2
4688 1
4689 1
4690 2
4692 1
4693 3
4694 1
4695 2
4696 2
4701 1
4703 4
4706 1
4708 1
4710 1
4712 1
4714 1
4718 1
4719 1
4720 1
4725 1
4726 1
4727 2
4732 2
4733 1
4734 1
4736 2
4738 1
4739 1
4749 1
4752 1
4756 1
4759 1
4760 1
4761 1
4765 2
4773 1
4775 1
4776 1
4777 1
4778 1
4781 1
4782 1
4783 1
4787 1
4792 3
4793 1
4794 1
4796 1
4797 1
4799 1
4800 4
4801 1
4802 1
4803 2
4805 1
4806 1
4807 3
4808 1
4810 1
4813 3
4816 1
4818 1
4819 1
4822 1
4823 1
4827 1
4828 2
4830 1
4835 1
4837 2
4838 1
4839 1
4842 2
4846 1
4848 1
4851 1
4855 2
4858 1
4859 1
4860 1
4862 1
4867 1
4873 1
4874 1
4877 2
4879 1
4880 1
4881 1
4889 1
4890 2
4893 1
4894 1
4895 1
4899 1
4900 1
4902 1
4909 2
4910 1
4913 2
4915 1
4920 1
4921 1
4922 1
4923 2
4927 2
4928 1
4930 1
4932 1
4933 2
4934 1
4935 1
4937 1
4939 1
4940 2
4941 2
4942 2
4943 1
4944 1
4947 3
4948 2
4953 1
4955 2
4957 1
4959 1
4961 1
4963 2
4966 3
4968 1
4971 1
4972 2
4973 1
4976 1
4979 1
4980 3
4984 2
4994 2
4995 2
4997 2
4998 1
4999 2
5001 1
5002 1
5003 1
5004 3
5005 2
5007 2
5008 1
5009 2
5010 2
5011 1
5012 1
5013 2
5014 2
5015 3
5016 3
5017 2
5019 1
5020 2
5021 4
5022 4
5023 3
5024 1
5025 1
5026 6
5027 2
5029 2
5030 3
5031 1
5032 2
5035 1
5037 1
5038 1
5039 2
5042 2
5043 2
5044 2
5045 1
5046 1
5049 1
5053 1
5054 1
5058 1
5062 1
5068 1
5070 1
5074 1
5075 1
5081 1
5083 2
5084 1
5085 1
5091 1
5096 1
5097 1
5098 2
5099 3
5100 2
5102 2
5104 2
5108 1
5112 2
5116 1
5118 1
5119 1
5120 2
5121 1
5125 1
5130 1
5131 1
5132 1
5133 1
5135 1
5136 2
5139 1
5140 1
5142 2
5144 1
5145 1
5149 1
5154 1
5155 1
5156 1
5162 1
5163 1
5168 1
5173 1
5174 1
5175 2
5177 1
5178 1
5179 1
5181 1
5182 3
5184 2
5186 1
5187 1
5190 1
5198 1
5204 1
5205 1
5207 1
5208 1
5209 1
5210 2
5214 1
5216 1
5218 1
5220 1
5222 1
5223 1
5229 1
5233 1
5241 2
5243 1
5244 1
5249 2
5258 2
5262 2
5264 1
5274 2
5275 1
5276 1
5279 2
5280 1
5281 1
5283 1
5284 1
5285 1
5286 1
5287 1
5292 1
5294 1
5296 1
5298 1
5302 1
5304 1
5305 1
5306 1
5310 1
5316 1
5317 2
5325 1
5326 2
5328 1
5329 1
5334 1
5336 1
5338 1
5339 1
5340 1
5342 1
5345 1
5346 1
5350 1
5352 1
5359 1
5360 1
5362 1
5364 2
5365 1
5367 1
5370 2
5376 1
5379 1
5383 1
5385 1
5388 1
5389 1
5400 1
5401 1
5403 1
5407 1
5410 2
5414 1
5420 1
5421 1
5424 1
5425 2
5428 1
5432 1
5434 2
5436 1
5447 1
5450 1
5453 1
5454 2
5456 1
5460 1
5462 2
5463 1
5464 1
5467 2
5471 1
5473 1
5475 1
5480 1
5486 1
5487 1
5490 1
5493 1
5495 1
5499 2
5500 1
5502 2
5509 1
5511 1
5512 1
5513 1
5515 1
5516 1
5519 2
5520 1
5522 1
5533 1
5534 1
5536 1
5537 1
5538 1
5540 1
5541 1
5543 1
5544 1
5547 1
5550 2
5551 1
5554 1
5559 1
5568 1
5570 1
5572 1
5577 1
5582 2
5584 1
5589 1
5598 1
5602 1
5605 1
5606 1
5607 1
5612 1
5613 1
5615 1
5617 1
5618 1
5619 2
5620 1
5623 2
5626 1
5627 1
5628 1
5629 1
5632 1
5634 1
5637 1
5639 1
5640 1
5647 2
5648 1
5653 1
5657 1
5661 1
5662 1
5666 1
5672 2
5678 1
5680 1
5687 2
5690 1
5694 2
5696 1
5700 1
5703 1
5708 1
5711 1
5714 2
5716 1
5718 1
5719 1
5721 1
5725 1
5727 1
5729 1
5731 1
5732 1
5733 1
5734 1
5735 2
5745 1
5746 1
5748 2
5749 3
5750 1
5752 1
5753 1
5754 1
5763 2
5770 1
5775 1
5777 1
5779 1
5781 1
5783 1
5786 1
5788 1
5789 2
5795 1
5796 1
5802 2
5807 2
5810 1
5811 1
5813 2
5814 2
5817 1
5824 1
5827 1
5828 2
5831 1
5832 1
5837 3
5840 1
5845 1
5847 1
5848 1
5849 1
5851 2
5854 1
5857 2
5859 1
5861 1
5862 1
5863 2
5867 1
5872 1
5875 3
5876 1
5878 1
5880 1
5881 1
5886 3
5889 1
5890 1
5893 1
5894 2
5895 1
5901 1
5904 2
5906 1
5920 1
5923 1
5924 1
5926 1
5929 3
5930 1
5933 1
5936 1
5942 1
5946 1
5948 1
5949 2
5951 1
5955 1
5957 1
5962 2
5970 2
5972 1
5974 1
5980 1
5983 1
5988 1
5994 1
5996 2
5998 1
6004 2
6008 1
6011 2
6016 1
6018 1
6020 1
6021 1
6031 1
6033 1
6034 2
6035 1
6036 2
6042 2
6048 3
6050 1
6051 2
6054 1
6055 1
6060 3
6070 1
6071 1
6072 1
6085 1
6090 2
6091 1
6092 1
6094 1
6096 1
6101 2
6106 1
6108 1
6111 1
6119 1
6120 1
6125 3
6126 1
6128 2
6135 1
6137 1
6138 1
6150 1
6151 1
6161 1
6166 3
6169 1
6172 1
6174 1
6187 1
6189 1
6192 1
6199 1
6201 1
6202 1
6203 1
6205 1
6206 1
6220 1
6226 1
6227 1
6228 1
6232 1
6245 2
6249 3
6254 1
6256 2
6259 1
6266 3
6270 1
6274 1
6286 1
6294 2
6297 1
6298 2
6299 2
6307 2
6308 2
6314 1
6320 1
6325 1
6326 1
6338 1
6344 1
6348 2
6350 1
6351 1
6352 1
6363 1
6371 1
6372 1
6374 1
6376 1
6381 1
6382 1
6384 1
6393 1
6399 1
6403 1
6406 1
6414 1
6421 2
6426 1
6438 1
6440 1
6442 1
6443 2
6445 1
6457 2
6465 1
6467 2
6469 1
6472 1
6473 1
6476 2
6477 1
6478 1
6479 1
6485 1
6486 2
6493 1
6496 1
6506 1
6510 1
6514 1
6515 1
6517 1
6519 2
6525 1
6527 1
6534 1
6541 1
6544 1
6545 2
6550 1
6556 1
6562 2
6567 1
6573 1
6579 1
6582 1
6591 1
6597 1
6601 1
6607 1
6609 1
6615 1
6632 1
6633 1
6637 1
6638 1
6639 1
6648 1
6649 3
6651 1
6653 2
6654 2
6659 1
6660 1
6661 2
6662 3
6663 4
6664 1
6665 1
6667 2
6670 3
6671 1
6680 1
6685 1
6694 1
6700 1
6701 1
6702 1
6706 1
6715 1
6716 1
6725 1
6726 2
6728 2
6730 2
6763 1
6772 1
6789 1
6790 1
6791 1
6792 1
6794 1
6797 1
6798 1
6806 1
6811 1
6812 1
6822 1
6824 1
6826 1
6833 1
6836 1
6841 1
6844 1
6856 1
6861 1
6863 2
6867 2
6872 2
6874 1
6877 1
6878 1
6879 1
6884 1
6885 1
6889 2
6890 1
6891 1
6893 2
6896 1
6898 1
6899 2
6900 1
6902 2
6905 1
6907 2
6908 1
6909 1
6910 1
6911 2
6915 1
6917 1
6919 1
6924 1
6926 1
6928 2
6935 1
6936 1
6937 2
6938 2
6940 1
6943 1
6946 1
6954 1
6955 2
6956 1
6961 1
6969 1
6971 1
6974 1
6976 1
6978 2
6979 1
6981 1
6988 1
6989 1
6992 1
7003 1
7005 1
7007 1
7008 1
7009 1
7014 1
7017 1
7018 1
7026 1
7028 1
7029 1
7032 2
7034 1
7038 1
7039 1
7040 2
7042 2
7043 1
7045 1
7050 2
7054 1
7057 1
7073 1
7078 1
7079 1
7083 1
7095 1
7100 1
7112 1
7118 1
7119 1
7132 1
7134 2
7140 1
7141 1
7143 1
7147 1
7156 1
7157 1
7159 1
7161 1
7165 2
7166 1
7172 1
7179 1
7180 2
7183 1
7190 1
7193 1
7194 1
7199 1
7203 1
7205 1
7211 2
7221 1
7227 1
7231 1
7243 2
7251 1
7252 1
7263 1
7266 1
7268 1
7273 1
7275 1
7285 1
7290 1
7291 1
7300 1
7301 1
7303 1
7307 1
7309 1
7312 1
7316 1
7318 1
7320 1
7333 1
7345 1
7347 1
7360 1
7361 1
7363 2
7366 1
7371 1
7377 1
7389 1
7395 1
7397 1
7399 1
7401 1
7406 2
7411 1
7421 1
7436 1
7439 1
7446 1
7450 1
7453 1
7454 2
7456 1
7462 1
7481 1
7482 1
7494 1
7495 1
7498 2
7499 1
7504 1
7508 1
7510 1
7511 1
7516 1
7518 1
7519 1
7526 1
7529 3
7533 2
7534 1
7538 1
7545 1
7561 1
7568 1
7579 1
7581 1
7582 1
7586 2
7587 1
7591 1
7599 2
7604 1
7607 1
7608 1
7609 1
7615 1
7616 1
7617 1
7627 1
7628 2
7629 1
7632 1
7633 1
7634 1
7636 1
7638 1
7640 1
7644 1
7651 1
7654 1
7656 1
7657 1
7659 1
7664 2
7673 1
7679 1
7680 2
7681 1
7684 1
7697 1
7701 2
7702 1
7706 2
7707 1
7713 2
7720 1
7723 1
7726 1
7727 1
7740 1
7746 2
7751 1
7755 1
7771 1
7772 1
7778 2
7779 1
7787 1
7797 1
7805 1
7813 1
7822 1
7830 1
7832 1
7838 2
7839 1
7840 1
7843 1
7845 1
7849 1
7850 1
7854 1
7855 1
7856 2
7857 1
7861 2
7865 1
7868 1
7870 1
7872 1
7876 1
7877 1
7878 1
7879 1
7887 1
7888 1
7890 2
7891 2
7892 1
7893 1
7907 1
7911 1
7914 1
7917 2
7919 1
7920 1
7921 1
7922 1
7927 1
7928 2
7930 1
7936 1
7937 1
7943 1
7944 1
7945 1
7947 1
7951 1
7952 1
7953 1
7960 1
7961 1
7962 2
7965 1
7966 1
7968 1
7975 1
7981 1
7982 1
7983 1
7987 1
7989 1
7992 1
7994 1
7996 1
7997 1
8001 1
8002 1
8004 1
8005 1
8007 1
8008 1
8009 1
8010 2
8014 1
8015 1
8017 1
8018 1
8020 1
8028 1
8030 1
8031 1
8032 1
8034 2
8036 2
8037 1
8039 1
8040 1
8041 1
8042 1
8045 1
8046 1
8048 2
8049 2
8050 1
8051 1
8053 1
8057 1
8059 2
8060 2
8068 2
8073 1
8074 1
8077 1
8079 1
8081 1
8082 1
8083 2
8084 1
8086 2
8089 1
8092 2
8093 2
8097 1
8098 2
8104 1
8107 1
8108 1
8111 1
8114 1
8115 1
8117 1
8119 1
8121 2
8122 1
8123 1
8124 1
8128 2
8133 1
8134 1
8135 1
8137 1
8138 1
8141 1
8142 1
8152 2
8156 1
8159 3
8161 1
8163 1
8164 2
8170 1
8179 1
8192 2
8195 1
8197 1
8199 1
8200 1
8203 1
8205 2
8207 2
8209 1
8210 1
8211 1
8214 1
8217 1
8219 1
8223 1
8225 2
8227 1
8233 1
8234 1
8235 1
8236 1
8238 2
8240 2
8242 1
8245 1
8246 1
8247 1
8248 2
8253 2
8254 1
8255 2
8256 1
8261 1
8267 1
8268 2
8269 1
8270 1
8272 2
8273 1
8275 2
8281 1
8286 1
8288 1
8294 1
8296 1
8298 1
8300 1
8307 1
8308 1
8317 1
8320 1
8324 1
8327 2
8329 3
8331 1
8335 1
8337 1
8339 2
8341 1
8348 1
8349 1
8353 1
8360 1
8361 2
8363 1
8365 1
8366 1
8369 2
8376 1
8381 1
8382 2
8383 1
8387 3
8393 1
8395 1
8398 1
8401 2
8403 1
8408 1
8410 1
8412 1
8413 1
8415 1
8416 1
8417 1
8418 1
8419 1
8420 1
8422 1
8432 1
8433 1
8435 1
8436 1
8439 1
8440 1
8441 2
8442 1
8443 2
8446 1
8448 1
8449 2
8450 1
8452 1
8454 1
8455 2
8458 3
8459 1
8460 1
8471 1
8480 2
8484 1
8491 1
8492 1
8494 1
8497 1
8500 1
8502 1
8503 1
8504 1
8508 1
8512 1
8515 2
8516 2
8518 1
8519 1
8525 2
8528 1
8529 2
8531 1
8532 1
8535 1
8536 1
8537 1
8538 1
8539 1
8540 1
8541 2
8542 1
8545 1
8546 1
8550 1
8552 1
8553 1
8558 1
8561 1
8562 1
8568 1
8570 1
8572 1
8574 2
8581 2
8585 2
8588 2
8595 1
8596 2
8598 2
8603 1
8606 1
8610 1
8611 3
8613 1
8614 2
8616 1
8620 1
8623 1
8624 1
8632 1
8633 1
8634 1
8635 1
8639 1
8640 1
8644 1
8645 1
8648 1
8652 1
8653 1
8654 1
8670 1
8671 1
8673 1
8674 1
8675 2
8684 1
8687 1
8696 2
8699 2
8700 1
8715 1
8716 2
8718 1
8722 1
8724 1
8725 1
8726 1
8727 1
8730 1
8731 1
8732 1
8741 1
8742 2
8744 1
8749 1
8750 1
8751 1
8752 1
8755 2
8759 2
8760 1
8763 2
8765 1
8766 1
8769 1
8772 2
8774 1
8775 1
8776 1
8778 1
8779 1
8781 2
8782 1
8783 2
8784 1
8786 1
8790 1
8791 1
8792 1
8795 2
8797 1
8799 2
8801 2
8803 1
8805 1
8809 3
8811 2
8816 1
8819 1
8821 2
8822 1
8823 1
8825 1
8828 1
8834 2
8835 1
8843 1
8844 1
8845 1
8846 2
8847 3
8848 2
8852 1
8853 1
8857 1
8859 1
8862 2
8863 2
8864 1
8867 2
8870 1
8873 1
8874 1
8875 2
8877 1
8878 2
8879 1
8881 1
8882 1
8883 3
8884 1
8886 1
8887 2
8888 1
8890 1
8891 1
8892 1
8893 3
8900 1
8901 1
8902 1
8905 1
8906 2
8908 1
8913 1
8914 1
8915 2
8917 1
8920 1
8921 2
8923 2
8928 2
8934 1
8935 1
8936 2
8938 2
8941 1
8942 1
8943 1
8944 2
8946 1
8948 1
8949 1
8957 2
8958 1
8960 2
8962 1
8967 3
8968 3
8969 1
8971 1
8972 3
8973 1
8974 1
8976 1
8977 1
8980 1
8983 2
8984 1
8985 1
8987 1
8988 1
8998 1
9000 1
9002 2
9003 1
9007 1
9009 2
9011 1
9015 1
9016 1
9018 1
9019 1
9020 1
9029 1
9035 1
9036 2
9044 1
9045 1
9047 1
9048 1
9049 1
9052 1
9054 1
9055 1
9056 1
9058 3
9060 1
9061 1
9062 1
9065 2
9072 1
9073 3
9075 1
9077 2
9078 1
9079 1
9081 1
9082 1
9083 1
9084 1
9087 1
9089 1
9090 2
9094 2
9097 1
9098 1
9099 1
9100 1
9101 1
9103 2
9106 2
9108 1
9109 1
9110 2
9111 2
9114 2
9116 1
9119 1
9120 2
9121 1
9126 1
9128 1
9130 1
9132 1
9133 1
9138 1
9140 1
9141 1
9142 2
9143 2
9144 1
9146 2
9147 1
9151 1
9158 1
9159 1
9160 1
9163 1
9164 1
9168 1
9170 1
9172 1
9175 1
9176 1
9178 2
9179 1
9184 1
9185 1
9186 2
9189 1
9191 1
9194 1
9195 1
9199 2
9200 1
9201 1
9202 1
9203 1
9204 1
9206 1
9213 1
9214 1
9216 1
9218 2
9219 1
9221 1
9227 2
9230 1
9232 1
9235 1
9236 1
9240 1
9241 1
9243 1
9244 1
9245 1
9247 1
9248 1
9254 1
9257 1
9260 1
9262 2
9263 1
9265 2
9266 1
9268 2
9269 2
9270 1
9273 1
9274 1
9275 2
9278 1
9284 1
9286 2
9290 2
9293 3
9302 1
9303 1
9304 1
9308 2
9311 1
9312 2
9316 2
9324 1
9325 1
9326 2
9328 1
9332 1
9334 2
9336 2
9338 1
9341 1
9342 1
9343 1
9346 1
9347 2
9352 1
9353 1
9354 1
9363 1
9364 1
9369 1
9371 1
9372 1
9374 1
9377 1
9380 1
9381 1
9384 1
9386 1
9389 1
9391 1
9394 1
9398 1
9399 1
9400 1
9402 1
9405 1
9408 1
9411 1
9413 1
9414 1
9420 1
9422 1
9424 1
9427 2
9429 1
9430 1
9431 1
9433 1
9434 1
9435 1
9439 1
9440 1
9446 1
9450 1
9451 1
9452 2
9459 1
9460 1
9462 3
9464 1
9465 1
9471 1
9472 1
9479 1
9480 1
9481 1
9482 3
9484 1
9485 2
9488 1
9492 1
9494 2
9495 1
9496 1
9497 1
9499 2
9501 1
9502 2
9505 1
9507 2
9509 2
9510 1
9511 1
9514 2
9515 1
9516 1
9519 1
9520 1
9521 1
9524 1
9525 2
9527 1
9528 1
9529 1
9533 1
9535 1
9536 1
9541 1
9543 1
9545 1
9546 1
9548 1
9549 1
9553 1
9554 2
9555 1
9557 3
9559 1
9562 2
9563 2
9564 1
9567 1
9570 1
9571 1
9574 1
9575 1
9576 5
9577 1
9579 1
9580 1
9590 1
9594 1
9604 2
9606 1
9607 1
9608 1
9610 1
9617 1
9623 3
9625 1
9627 1
9628 1
9630 1
9631 1
9634 1
9635 1
9637 1
9638 3
9640 1
9641 1
9642 1
9648 1
9649 2
9652 1
9653 2
9656 1
9658 1
9660 1
9668 1
9669 2
9670 1
9673 1
9675 1
9679 1
9680 1
9681 1
9683 1
9685 1
9687 2
9690 1
9691 1
9692 1
9694 1
9700 1
9704 1
9707 1
9709 1
9710 1
9712 2
9713 1
9717 3
9718 1
9720 1
9721 2
9722 2
9728 1
9730 1
9733 1
9734 2
9738 1
9739 2
9740 1
9741 1
9744 1
9745 1
9748 1
9749 2
9751 1
9752 1
9754 2
9759 2
9760 2
9771 1
9774 1
9777 1
9779 2
9780 1
9781 1
9784 2
9786 2
9789 1
9792 1
9795 1
9798 1
9800 1
9802 2
9803 1
9809 1
9811 1
9813 1
9816 2
9818 2
9819 1
9821 1
9822 1
9823 1
9824 1
9829 3
9834 1
9836 2
9837 3
9838 2
9839 1
9840 3
9841 1
9842 1
9846 1
9849 1
9850 1
9852 2
9855 1
9856 1
9857 1
9861 1
9865 2
9866 1
9870 1
9872 2
9873 2
9874 1
9876 1
9878 1
9882 2
9883 1
9887 1
9888 1
9889 1
9891 1
9892 3
9894 2
9895 1
9896 1
9898 2
9899 1
9900 2
9901 1
9902 2
9903 1
9904 3
9908 1
9911 1
9912 1
9914 2
9918 3
9920 4
9923 1
9924 2
9925 1
9929 1
9930 1
9932 1
9936 2
9937 1
9939 1
9940 1
9942 1
9943 1
9944 1
9945 3
9946 1
9947 2
9948 1
9950 1
9953 2
9954 1
9955 2
9959 1
9960 1
9961 1
9962 1
9964 1
9965 1
9970 3
9971 1
9973 1
9975 5
9977 1
9978 1
9980 1
9982 1
9983 2
9986 1
9987 2
9989 2
9994 3
9995 1
9996 1
9999 1
10000 3
10001 3
10002 1
10003 4
10004 2
10006 1
10009 1
10010 2
10013 1
10014 2
10015 2
10016 3
10017 2
10019 1
10020 1
10022 1
10023 3
10024 2
10026 2
10027 1
10028 1
10029 1
10033 1
10036 1
10037 1
10039 2
10040 2
10042 2
10043 1
10044 1
10046 1
10047 2
10050 1
10053 3
10055 2
10056 1
10057 2
10058 2
10061 2
10062 1
10064 1
10065 1
10066 2
10067 1
10068 2
10069 3
10070 2
10072 2
10075 1
10076 1
10080 6
10081 1
10082 2
10083 1
10084 2
10086 1
10087 1
10088 2
10089 1
10090 2
10091 2
10093 2
10094 1
10098 2
10100 1
10102 2
10103 1
10104 1
10106 1
10110 2
10111 1
10113 1
10116 1
10118 1
10119 2
10120 1
10121 1
10122 3
10123 1
10124 1
10125 3
10129 1
10130 1
10131 1
10132 3
10134 2
10135 2
10136 4
10139 1
10141 1
10142 1
10146 1
10147 4
10149 2
10152 1
10154 1
10158 1
10159 1
10162 1
10163 2
10164 1
10165 2
10166 1
10167 1
10168 3
10169 1
10170 1
10171 2
10173 2
10174 1
10176 1
10177 1
10178 1
10179 1
10180 1
10182 1
10184 1
10186 1
10187 4
10189 1
10190 1
10194 1
10195 1
10198 4
10199 1
10200 1
10202 1
10203 1
10204 2
10208 1
10209 1
10212 3
10213 1
10215 3
10216 2
10217 2
10219 1
10220 1
10222 2
10224 1
10227 1
10230 1
10234 1
10237 1
10238 2
10239 1
10240 1
10241 2
10244 1
10245 1
10247 4
10249 1
10253 2
10254 3
10255 1
10256 2
10258 1
10259 1
10260 1
10261 1
10263 1
10264 2
10265 1
10266 1
10267 3
10268 2
10269 1
10270 1
10272 1
10273 2
10274 1
10275 2
10276 1
10277 3
10280 1
10281 1
10282 2
10285 1
10286 1
10287 1
10288 5
10289 2
10291 1
10292 1
10294 1
10295 3
10296 1
10298 1
10299 1
10301 1
10303 1
10304 1
10305 1
10306 1
10308 1
10312 1
10313 1
10314 1
10315 3
10317 1
10318 1
10320 1
10322 1
10324 1
10325 1
10327 1
10328 2
10330 2
10331 2
10332 1
10335 1
10338 1
10339 2
10340 1
10342 2
10344 1
10346 1
10348 2
10349 3
10351 1
10357 3
10358 1
10360 1
10362 2
10363 1
10364 1
10365 1
10367 1
10370 1
10371 1
10372 3
10375 1
10376 2
10377 1
10380 1
10382 1
10387 1
10388 1
10389 1
10394 1
10398 1
10399 1
10401 2
10405 3
10409 1
10410 1
10411 2
10412 1
10416 1
10418 1
10419 1
10420 1
10423 1
10427 1
10430 1
10431 1
10432 1
10433 3
10434 1
10438 1
10441 1
10442 1
10443 1
10445 1
10446 1
10447 1
10452 3
10459 1
10463 2
10465 1
10466 1
10472 1
10477 1
10479 1
10482 1
10484 1
10485 1
10491 1
10495 1
10496 1
10498 1
10500 1
10501 1
10502 1
10504 2
10505 2
10508 1
10509 1
10512 1
10513 1
10516 1
10519 2
10522 1
10525 1
10528 3
10535 2
10536 1
10537 1
10541 1
10545 1
10547 2
10549 1
10551 1
10552 1
10555 3
10556 1
10557 2
10558 1
10561 1
10562 1
10564 3
10565 2
10567 2
10568 1
10569 1
10570 2
10571 3
10572 2
10575 1
10576 1
10577 4
10580 1
10581 1
10582 2
10584 1
10585 1
10588 1
10593 1
10594 1
10595 2
10596 1
10598 1
10600 2
10602 1
10603 2
10604 1
10607 3
10608 1
10609 2
10612 2
10614 3
10615 1
10618 2
10620 1
10623 2
10627 1
10629 1
10630 1
10631 2
10632 1
10634 2
10638 1
10639 2
10640 2
10642 4
10643 3
10644 2
10645 1
10646 1
10647 2
10649 1
10650 2
10651 1
10652 2
10653 1
10654 1
10655 1
10658 2
10659 1
10660 1
10661 2
10662 1
10666 1
10667 6
10669 1
10670 1
10671 1
10672 1
10673 1
10674 1
10676 1
10677 1
10681 1
10684 2
10685 1
10689 2
10690 3
10691 1
10694 1
10695 1
10696 1
10698 1
10699 1
10703 1
10706 1
10710 1
10712 5
10713 1
10714 2
10715 1
10716 1
10718 1
10719 1
10720 1
10721 1
10722 2
10724 2
10728 3
10729 2
10730 1
10733 1
10741 2
10742 1
10743 1
10745 1
10747 1
10749 1
10750 2
10751 1
10754 1
10756 1
10757 1
10758 1
10759 1
10761 1
10764 2
10765 2
10766 1
10768 1
10770 1
10773 1
10776 1
10777 1
10778 2
10781 1
10784 1
10785 1
10786 2
10789 1
10791 1
10793 1
10796 3
10797 1
10798 1
10802 1
10803 3
10805 2
10808 1
10810 1
10815 1
10817 1
10819 1
10820 3
10822 1
10823 1
10829 1
10830 1
10832 1
10834 1
10835 1
10837 2
10838 1
10840 1
10841 1
10842 2
10843 1
10845 2
10850 1
10852 1
10854 1
10856 2
10858 3
10865 1
10866 1
10867 1
10868 1
10870 1
10873 1
10877 1
10878 1
10882 2
10886 1
10888 2
10891 1
10895 1
10897 1
10900 1
10901 1
10904 1
10905 2
10906 1
10908 1
10909 2
10911 2
10915 1
10918 1
10919 1
10921 1
10926 1
10929 1
10932 1
10933 1
10934 1
10939 2
10944 1
10945 1
10946 2
10947 1
10948 1
10950 2
10952 1
10953 1
10954 1
10956 2
10958 1
10960 1
10962 1
10964 1
10967 1
10970 1
10978 2
10982 1
10983 1
10984 1
10985 1
10988 1
10989 2
10990 2
10991 1
10995 1
10996 1
11001 4
11002 1
11005 1
11006 1
11009 1
11011 1
11013 1
11014 1
11015 1
11016 1
11017 2
11022 3
11023 1
11024 1
11025 1
11026 1
11029 3
11031 1
11033 2
11035 1
11040 1
11042 4
11053 1
11054 1
11055 1
11059 1
11062 1
11065 2
11072 1
11073 1
11074 1
11080 1
11082 1
11085 1
11088 1
11089 1
11090 1
11092 1
11093 2
11094 1
11101 1
11104 1
11107 1
11109 1
11113 1
11114 2
11115 2
11123 1
11124 2
11126 2
11127 1
11128 1
11130 1
11133 2
11137 1
11138 1
11140 2
11141 1
11146 1
11149 1
11150 1
11153 1
11154 1
11155 2
11157 5
11158 3
11159 1
11164 2
11167 1
11168 1
11169 2
11170 3
11171 1
11173 1
11175 1
11178 1
11181 2
11183 1
11184 1
11185 1
11187 2
11191 1
11193 1
11197 2
11198 1
11199 1
11200 1
11201 1
11204 1
11217 3
11219 2
11223 1
11225 2
11226 1
11227 1
11228 2
11231 1
11233 1
11235 1
11238 1
11240 1
11243 1
11244 1
11245 1
11248 1
11255 1
11256 2
11265 1
11266 2
11267 1
11269 2
11270 1
11271 1
11272 1
11273 2
11276 1
11278 1
11279 1
11282 1
11284 2
11287 2
11288 1
11289 1
11290 1
11292 1
11293 1
11295 2
11296 1
11301 1
11303 1
11304 2
11310 1
11316 1
11317 1
11320 1
11321 1
11323 1
11326 1
11328 1
11330 2
11332 1
11334 1
11335 1
11336 1
11339 1
11341 2
11343 1
11344 1
11346 2
11347 1
11348 1
11349 1
11350 2
11353 1
11357 1
11359 1
11361 1
11362 2
11368 3
11370 2
11377 1
11378 2
11383 1
11384 2
11385 1
11389 1
11395 1
11396 2
11398 1
11402 1
11405 1
11406 2
11408 2
11413 1
11415 2
11418 1
11424 1
11425 1
11426 1
11428 1
11429 1
11430 2
11431 1
11434 1
11435 1
11438 3
11442 2
11443 2
11445 2
11447 1
11448 1
11449 1
11450 1
11454 1
11457 1
11459 1
11460 1
11461 1
11463 1
11464 1
11471 1
11472 1
11473 1
11477 1
11478 1
11481 1
11482 2
11488 1
11489 3
11491 1
11494 2
11495 1
11499 1
11500 1
11501 1
11503 1
11506 1
11507 1
11511 1
11512 2
11513 1
11515 1
11518 1
11519 1
11520 1
11522 3
11526 2
11532 1
11533 1
11537 1
11538 1
11544 2
11546 1
11547 1
11548 1
11549 1
11553 1
11554 1
11557 1
11559 1
11566 1
11569 1
11571 1
11573 1
11576 1
11580 1
11583 1
11586 1
11589 1
11593 1
11598 1
11601 2
11603 1
11604 2
11606 1
11611 2
11614 2
11615 1
11617 1
11618 1
11619 1
11621 1
11622 1
11624 1
11625 1
11626 2
11628 1
11634 1
11638 3
11642 1
11645 3
11649 1
11652 2
11656 2
11659 3
11660 1
11665 1
11666 1
11673 1
11676 2
11678 1
11680 1
11681 1
11683 1
11684 1
11686 1
11688 1
11689 1
11691 1
11692 1
11693 1
11694 1
11697 1
11699 1
11705 1
11711 1
11713 2
11715 1
11718 1
11720 1
11721 1
11722 1
11723 1
11724 2
11730 2
11731 1
11736 1
11744 1
11745 1
11749 1
11753 2
11757 1
11758 1
11761 1
11762 1
11763 1
11765 1
11769 1
11772 2
11778 1
11784 3
11785 2
11786 1
11791 1
11792 1
11793 1
11794 1
11798 1
11800 1
11802 1
11805 1
11808 1
11810 1
11812 1
11813 1
11814 1
11816 1
11818 2
11819 1
11821 1
11822 1
11825 1
11830 2
11831 1
11833 2
11836 2
11838 1
11840 1
11843 1
11846 1
11848 1
11851 1
11852 1
11854 2
11855 1
11861 1
11863 2
11865 1
11867 1
11868 1
11870 1
11871 1
11872 1
11873 1
11874 2
11875 1
11876 1
11878 1
11881 1
11883 1
11889 2
11894 1
11896 1
11898 1
11901 1
11903 1
11905 1
11906 1
11907 1
11909 2
11911 1
11914 1
11916 1
11918 1
11929 1
11943 1
11945 2
11946 1
11953 1
11955 1
11956 1
11960 2
11964 1
11965 1
11968 1
11969 1
11983 1
11984 1
11994 1
11995 2
11997 1
12001 1
12015 2
12016 1
12026 1
12037 1
12038 1
12039 2
12048 1
12049 1
12050 1
12052 1
12053 1
12054 1
12057 1
12058 2
12062 1
12063 1
12068 1
12073 1
12078 2
12079 1
12081 1
12083 1
12086 1
12087 1
12089 2
12094 2
12100 1
12101 1
12103 1
12104 1
12111 1
12112 1
12113 1
12115 2
12119 2
12126 1
12129 1
12134 1
12135 1
12140 1
12141 1
12143 2
12147 1
12148 2
12150 2
12151 1
12153 1
12155 1
12160 2
12163 1
12164 1
12168 1
12169 1
12176 1
12180 1
12181 1
12191 1
12192 2
12199 1
12200 1
12201 1
12203 1
12204 1
12205 1
12217 2
12220 1
12234 1
12235 1
12249 1
12250 1
12256 1
12267 1
12268 1
12269 1
12274 1
12277 1
12280 1
12285 1
12286 2
12288 1
12299 1
12301 1
12303 1
12306 1
12310 1
12311 2
12313 1
12314 1
12316 1
12318 1
12324 1
12327 1
12328 1
12329 1
12331 1
12332 1
12339 1
12353 1
12354 1
12359 2
12366 1
12372 1
12374 1
12380 1
12381 1
12383 1
12385 2
12386 1
12394 1
12395 2
12397 1
12399 1
12408 1
12409 1
12410 1
12414 1
12421 1
12422 1
12423 1
12427 1
12430 1
12434 1
12439 1
12441 1
12451 1
12453 1
12456 1
12457 1
12473 1
12477 1
12479 1
12480 1
12482 1
12490 2
12491 1
12494 2
12496 1
12497 1
12498 2
12501 1
12503 1
12520 1
12526 1
12528 1
12530 2
12537 1
12539 2
12544 1
12545 1
12551 1
12556 1
12565 1
12567 1
12574 1
12577 1
12579 1
12582 1
12583 1
12584 1
12591 1
12593 3
12598 1
12600 1
12603 1
12605 2
12609 1
12615 1
12619 1
12628 1
12630 1
12636 1
12640 1
12642 1
12643 1
12644 1
12645 1
12647 1
12650 1
12651 1
12655 1
12657 1
12660 1
12664 1
12667 1
12669 1
12672 1
12674 1
12676 1
12681 2
12687 1
12694 1
12697 1
12699 1
12703 1
12705 3
12709 1
12710 1
12711 1
12712 1
12713 1
12715 2
12718 1
12720 1
12721 1
12723 1
12726 2
12728 2
12730 1
12731 1
12732 1
12734 1
12735 1
12738 1
12739 1
12740 1
12745 1
12746 1
12748 1
12749 2
12751 1
12753 1
12756 1
12758 1
12759 2
12761 1
12762 1
12765 2
12766 1
12767 1
12769 1
12771 1
12773 1
12777 1
12781 1
12782 1
12787 1
12790 1
12813 1
12815 1
12818 1
12823 1
12826 1
12832 1
12833 1
12837 1
12842 1
12852 1
12853 1
12855 1
12863 1
12870 1
12874 1
12879 1
12888 1
12892 1
12893 1
12895 1
12897 1
12898 1
12899 1
12906 1
12913 1
12926 1
12927 2
12928 1
12930 1
12934 2
12940 1
12941 1
12944 1
12953 1
12960 1
12963 1
12965 1
12970 1
12973 1
12974 2
12981 1
12985 1
12986 1
12987 3
12991 1
12999 1
13000 1
13001 1
13003 1
13004 1
13007 1
13011 1
13015 1
13016 1
13017 1
13020 1
13023 1
13025 2
13033 1
13052 2
13060 2
13061 1
13075 1
13079 1
13106 1
13112 1
13125 1
13128 1
13137 1
13140 1
13144 1
13149 1
13152 1
13161 2
13162 1
13169 1
13171 2
13182 1
13189 1
13198 1
13219 1
13228 2
13247 1
13252 1
13254 1
13258 1
13272 1
13274 1
13282 1
13290 1
13294 1
13297 1
13306 1
13307 1
13311 1
13315 1
13323 1
13329 1
13330 1
13334 1
13336 1
13346 2
13351 1
13358 2
13361 1
13364 1
13379 1
13391 1
13392 1
13396 1
13401 1
13409 1
13419 1
13420 1
13429 1
13434 1
13437 1
13445 1
13446 1
13460 1
13464 1
13481 1
13494 1
13506 1
13519 1
13532 1
13543 1
13551 1
13568 1
13572 2
13576 1
13585 1
13586 1
13597 1
13602 1
13611 3
13627 1
13628 1
13629 1
13634 1
13646 2
13661 1
13667 1
13671 1
13673 1
13679 1
13682 1
13698 1
13701 1
13704 1
13705 1
13709 1
13716 1
13719 2
13727 1
13779 1
13814 2
13818 1
13859 1
13860 1
13871 1
13880 1
13889 1
13893 1
13912 1
13919 1
13920 1
13921 1
13923 1
13942 1
13946 1
13951 1
13968 1
13986 1
14004 1
14007 1
14013 1
14016 1
14017 1
14023 1
14029 1
14045 1
14060 1
14061 1
14064 1
14076 1
14085 1
14087 1
14093 1
14096 1
14102 2
14107 1
14119 1
14125 1
14128 2
14133 1
14137 1
14144 1
14162 1
14164 2
14169 1
14190 1
14203 1
14204 1
14222 1
14231 1
14251 1
14253 1
14281 1
14297 1
14299 1
14300 1
14305 1
14308 1
14321 1
14335 2
14342 1
14357 1
14358 1
14359 1
14360 1
14370 1
14378 1
14385 1
14386 1
14400 1
14421 1
14434 1
14448 1
14455 1
14458 1
14463 1
14466 1
14470 1
14497 1
14505 1
14522 2
14524 1
14526 1
14555 1
14564 2
14572 1
14578 1
14583 1
14586 1
14587 1
14592 1
14617 1
14620 1
14629 1
14636 1
14640 1
14641 1
14656 1
14666 1
14671 1
14674 1
14683 1
14697 1
14703 1
14720 1
14727 1
14733 1
14739 1
14743 1
14753 1
14754 1
14766 1
14771 1
14779 1
14785 1
14798 1
14799 1
14801 1
14805 1
14808 1
14811 1
14812 1
14825 1
14881 1
14882 1
14913 1
14953 1
14954 1
14957 1
14963 1
14970 1
15001 1
15018 1
15032 1
15041 1
15049 1
15050 1
15058 1
15075 1
15093 1
15112 1
15126 2
15138 1
15144 1
15151 1
15153 1
15161 1
15187 1
15215 1
15234 1
15238 1
15315 1
15329 1
15361 1
15369 1
15402 1
15406 2
15414 1
15424 1
15435 1
15463 1
15468 1
15493 1
15502 1
15506 1
15520 1
15542 1
15549 1
15555 1
15564 1
15576 1
15578 1
15585 1
15588 1
15591 1
15592 1
15594 1
15595 1
15597 2
15601 1
15616 1
15617 1
15621 1
15633 1
15634 1
15651 1
15657 1
15662 1
15664 1
15669 1
15676 1
15699 1
15726 1
15733 1
15757 1
15759 1
15775 1
15789 1
15808 1
15816 1
15850 1
15887 1
15895 1
15911 1
15934 1
15950 1
15955 1
15957 1
15964 1
16029 1
16035 1
16046 1
16066 1
16071 1
16107 1
16113 1
16126 1
16133 1
16137 1
16142 1
16149 1
16161 1
16168 1
16169 1
16174 1
16181 1
16206 1
16242 1
16249 1
16257 1
16261 1
16265 2
16274 1
16279 1
16281 1
16286 1
16297 1
16300 1
16306 1
16315 1
16352 1
16368 1
16383 1
16406 1
16462 1
16477 1
16501 1
16509 1
16517 1
16530 2
16553 1
16561 1
16582 1
16585 1
16590 1
16593 1
16651 1
16689 1
16736 1
16741 1
16765 1
16775 1
16786 1
16805 1
16806 1
16814 1
16823 1
16832 1
16840 1
16853 1
16860 1
16884 1
16894 1
16909 1
16938 2
16949 1
16956 1
16958 1
16962 1
17002 1
17003 1
17016 1
17026 1
17029 1
17031 1
17034 1
17042 1
17047 1
17075 1
17082 1
17098 1
17101 1
17111 1
17147 1
17175 1
17197 1
17217 2
17221 1
17253 1
17255 1
17276 1
17278 1
17280 1
17307 1
17308 1
17311 1
17313 1
17335 1
17352 1
17354 1
17363 1
17369 1
17386 1
17397 1
17448 1
17455 1
17473 1
17489 1
17494 1
17521 1
17523 1
17526 1
17528 1
17531 1
17543 1
17561 1
17579 1
17583 1
17594 1
17620 1
17623 1
17629 1
17651 1
17660 1
17664 1
17665 1
17689 2
17703 1
17726 1
17734 1
17756 1
17777 1
17783 1
17854 1
17860 1
17919 1
17924 1
17928 1
17937 1
17949 1
17953 1
17979 1
17998 1
18001 1
18026 1
18041 1
18059 1
18071 1
18133 1
18144 1
18147 1
18156 1
18157 1
18163 1
18174 1
18179 1
18189 2
18236 2
18266 1
18278 1
18282 1
18301 1
18317 1
18342 1
18355 1
18361 1
18369 1
18394 1
18412 1
18416 1
18423 1
18424 1
18426 1
18442 1
18471 1
18480 1
18490 1
18493 1
18498 1
18526 1
18534 1
18535 1
18539 1
18547 1
18576 1
18579 1
18607 1
18637 1
18665 1
18667 1
18691 1
18693 1
18706 1
18737 1
18739 1
18746 1
18752 1
18766 2
18891 1
18955 1
18965 1
18988 1
18993 1
19042 1
19064 1
19066 1
19094 1
19106 1
19147 1
19186 1
19187 1
19193 1
19195 1
19217 1
19285 1
19300 1
19344 1
19403 1
19416 1
19429 1
19465 1
19489 1
19492 2
19504 1
19511 1
19527 1
19584 1
19591 1
19641 1
19715 1
19722 1
19735 1
19748 1
19781 1
19790 1
19791 1
19816 1
19824 1
19851 1
19918 1
19925 1
19935 1
19949 1
19973 1
19986 1
19997 1
19999 1
20000 1
20001 1
20002 1
20003 3
20005 1
20008 1
20010 1
20013 1
20017 1
20018 1
20019 1
20026 1
20028 1
20029 1
20037 1
20039 1
20052 1
20055 1
20060 1
20069 1
20071 1
20072 1
20073 1
20089 1
20094 1
20100 1
20102 1
20114 2
20119 1
20123 1
20125 1
20129 1
20153 1
20155 2
20164 1
20173 1
20178 1
20204 1
20227 1
20263 1
20264 1
20313 1
20327 1
20370 1
20384 2
20422 1
20444 1
20455 1
20494 1
20560 1
20580 1
20601 1
20612 1
20634 1
20642 1
20650 1
20662 1
20680 1
20710 1
20739 1
20752 1
20787 1
20813 1
20839 1
20854 1
20888 1
20892 1
20908 1
20930 1
20966 1
21032 1
21037 1
21123 1
21133 1
21144 1
21218 1
21221 1
21225 1
21240 1
21260 1
21279 1
21314 1
21346 1
21370 1
21371 1
21426 1
21432 1
21470 1
21478 1
21489 1
21500 1
21514 1
21552 1
21587 1
21588 2
21607 1
21608 1
21635 1
21719 1
21737 1
21757 1
21786 1
21800 1
21801 1
21853 2
21872 1
21882 1
21897 1
21982 1
22000 1
22008 1
22041 1
22088 1
22107 1
22116 1
22119 1
22121 1
22141 1
22146 1
22193 1
22201 1
22235 1
22245 1
22259 1
22287 1
22300 1
22323 1
22343 2
22364 1
22374 1
22409 1
22414 1
22455 1
22474 1
22493 1
22503 1
22505 1
22513 1
22520 1
22521 1
22534 1
22562 1
22568 1
22617 1
22619 1
22624 1
22636 1
22652 1
22698 1
22725 1
22762 1
22763 1
22786 1
22820 1
22850 1
22852 1
22866 1
22873 1
22900 1
22923 1
22949 1
22964 1
22985 1
22993 1
23011 1
23070 1
23103 1
23105 1
23193 1
23221 1
23271 1
23273 1
23287 1
23386 1
23424 1
23425 1
23442 1
23446 1
23449 1
23453 1
23476 1
23477 1
23485 1
23538 1
23540 1
23711 1
23732 1
23746 1
23776 1
23850 1
23908 1
23964 1
23975 1
23992 1
24000 1
24044 1
24102 1
24142 1
24162 1
24206 1
24255 1
24312 1
24313 1
24333 1
24374 1
24392 1
24409 1
24422 1
24455 1
24501 1
24514 1
24520 1
24524 1
24531 1
24544 1
24570 1
24641 1
24662 1
24673 1
24676 1
24685 2
24731 1
24736 1
24762 1
24769 1
24781 1
24837 1
24873 1
24876 2
24892 1
24894 1
24940 1
24998 1
25000 1
25007 1
25008 1
25048 1
25112 1
25133 1
25150 1
25182 1
25257 1
25274 1
25354 1
25384 1
25431 1
25454 1
25458 1
25489 1
25557 1
25583 1
25604 1
25634 1
25680 1
25749 1
25798 1
25872 1
25890 1
25899 1
25927 1
26023 1
26040 1
26051 1
26077 1
26090 1
26091 1
26148 1
26166 1
26205 1
26230 1
26276 1
26304 1
26400 1
26415 1
26438 1
26440 1
26442 1
26470 1
26478 1
26493 1
26507 1
26522 1
26534 1
26575 1
26583 1
26667 1
26707 1
26754 1
26870 1
26899 1
26987 1
27006 1
27015 1
27065 1
27089 1
27125 1
27135 1
27234 1
27326 1
27329 1
27348 1
27363 1
27426 1
27459 1
27460 1
27481 1
27489 1
27505 1
27506 1
27582 1
27603 1
27636 1
27653 1
27673 1
27680 1
27704 1
27797 1
27908 1
27910 1
27934 6
28002 1
28017 1
28018 1
28029 1
28083 1
28197 1
28199 1
28254 1
28260 1
28273 1
28321 1
28327 1
28359 1
28384 1
28391 1
28496 1
28561 1
28585 1
28644 1
28710 1
28808 1
28818 1
28903 1
28906 1
28935 1
28970 1
28998 1
29006 1
29022 2
29033 1
29069 1
29121 1
29123 1
29160 1
29206 1
29251 1
29266 1
29362 1
29599 1
29617 1
29656 1
29661 1
29662 1
29810 1
29822 1
29832 1
29905 1
29908 1
29968 1
30014 1
30021 1
30039 1
30097 1
30136 1
30170 1
30179 1
30225 1
30274 1
30293 1
30379 1
30400 1
30402 1
30447 1
30467 1
30472 1
30559 1
30580 1
30612 1
30624 1
30661 1
30743 1
30744 1
30784 1
30802 1
30848 1
30849 1
30860 1
30868 1
30907 1
31070 1
31167 1
31333 1
31341 1
31355 1
31377 1
31406 1
31414 1
31448 1
31555 1
31565 1
31648 1
31655 1
31663 1
31688 1
31702 1
31897 1
31903 1
32049 1
32055 1
32127 1
32144 1
32199 1
32204 1
32339 1
32346 1
32406 1
32416 1
32455 1
32459 1
32507 1
32552 1
32668 1
32705 1
32768 1
32794 1
32804 1
32826 1
32856 1
32876 1
33153 1
33251 1
33364 1
33367 1
33384 1
33394 1
33420 1
33480 1
33532 1
33546 1
33665 1
33796 1
33801 1
33819 1
33934 1
33967 1
33982 1
34007 1
34034 1
34191 1
34221 1
34376 1
34389 1
34407 1
34526 1
34650 1
34797 1
34823 1
34887 1
35031 1
35040 1
35044 1
35136 1
35199 1
35219 1
35274 1
35283 1
35293 1
35322 1
35419 1
35452 1
35479 1
35480 1
35614 1
35642 1
35688 1
35884 1
35921 1
35922 1
35970 1
35975 1
36067 1
36080 1
36140 1
36144 1
36182 1
36202 1
36547 1
36662 1
36737 1
36768 1
36902 1
36960 1
36967 1
36975 1
37076 1
37295 1
37310 1
37438 1
37560 1
37577 1
37588 1
37618 1
37664 1
37673 2
37702 1
37810 1
37879 1
37912 1
37936 1
37952 1
37968 1
37995 1
38044 1
38059 1
38072 1
38096 1
38321 1
38351 1
38363 1
38401 1
38498 1
38593 1
38618 1
38623 1
38674 1
38861 1
39035 1
39039 1
39081 1
39301 1
39367 1
39596 1
39648 1
39700 1
39764 1
39801 1
39903 1
39948 1
40007 1
40064 1
40366 1
40404 1
40483 1
40512 1
40573 1
40934 1
40935 1
40948 1
40952 1
41044 1
41171 1
41595 1
41736 1
41810 1
41837 1
41856 1
41900 1
41980 1
41990 1
42171 1
42345 1
42449 1
42618 1
42659 1
42773 1
42837 1
42953 1
43107 1
43119 1
43143 1
43268 1
43320 1
43503 1
43547 1
43574 1
43696 1
43783 1
44122 9
44125 1
44384 1
44401 1
44407 1
44540 1
44546 1
44720 1
44723 1
44739 1
44743 1
44758 1
44794 1
44884 1
45252 1
45358 1
45366 1
45467 1
45559 1
45597 1
45758 1
45790 1
45950 1
46129 1
46170 1
46176 1
46317 1
46395 1
46440 1
46701 1
47007 1
47116 1
47169 1
47200 1
47660 1
47675 1
47814 1
47880 1
48106 1
48152 1
48169 1
48193 1
48478 1
48574 1
48634 1
48750 1
48844 1
48979 1
49061 1
49114 1
49264 1
49379 1
49484 1
49862 1
49936 1
50001 1
50004 1
50280 1
50531 1
50902 1
51082 1
51149 1
51206 1
51322 1
51339 1
51406 1
51782 1
51818 1
51852 1
51957 1
52278 1
52311 1
52364 1
52409 1
52651 1
52908 1
53046 1
53049 1
53058 1
53087 1
53170 1
53240 1
53355 1
53454 1
53467 1
53585 1
53621 1
53688 1
53816 1
53865 1
53945 1
54007 1
54081 1
54291 1
54314 1
54394 1
54408 1
54594 1
54845 1
55209 1
55231 1
55381 1
55438 1
55551 1
55580 1
55700 1
55880 1
56072 1
56227 1
56364 1
56379 1
56530 1
56545 1
57186 1
57227 1
57480 1
57578 1
57633 1
57643 1
57767 1
57880 1
58159 1
58203 1
58238 1
58315 1
58366 1
58562 1
58860 1
58956 1
59018 1
59181 1
59651 1
59693 1
59740 1
59778 1
60238 1
60432 1
60616 1
60622 1
60684 1
60747 1
60809 1
61057 1
61113 1
61178 1
61245 1
61325 1
61366 1
61539 1
61659 1
62152 1
62672 1
62762 1
62876 1
62965 1
63101 1
63138 1
63146 1
63293 1
63491 1
63582 1
63611 1
63767 1
63929 1
63959 1
64133 1
64222 1
64265 1
64466 1
64708 1
64821 1
64855 1
65335 1
65425 1
65629 1
65639 1
65672 1
65793 1
65899 1
66012 1
66158 1
66303 1
66353 1
66670 1
66783 1
66881 2
67047 1
67176 1
67306 1
67337 1
67538 1
67778 1
67964 1
68096 1
68105 1
68110 1
68130 1
68132 1
68248 1
68371 1
68412 1
68580 1
68596 1
68806 1
69054 1
69313 1
69328 1
69724 1
69752 1
69964 1
70067 1
70129 1
70196 1
70577 1
70580 1
70735 1
71173 1
71348 1
71352 1
71436 1
71558 1
71773 1
72214 1
72429 1
72797 1
73086 1
73197 1
73213 1
73555 1
74779 1
75079 1
75484 1
75667 1
75807 1
75962 1
76166 1
76258 1
76679 1
77261 1
77398 1
77529 1
77795 1
78618 1
78949 1
79076 1
79118 1
79774 1
80191 1
80281 1
81160 1
81473 1
81787 1
81878 1
82149 1
82332 1
83585 1
83622 1
83686 1
83842 1
84125 1
84559 1
85098 1
85196 1
85260 1
85546 1
86006 1
86264 1
86333 1
86471 1
86808 1
86823 1
86889 1
86896 1
87002 1
87099 1
87138 1
87157 2
87268 1
87374 1
88820 1
89035 1
89161 1
89214 1
90014 1
90056 1
90503 1
90797 1
90837 1
91070 1
91232 1
91897 1
92485 1
92739 1
92781 1
93275 1
93425 1
93574 1
94935 1
95805 1
96645 1
96768 1
96821 1
96903 1
97508 1
98346 1
98635 1
99024 1
99776 1
100009 1
100064 1
100403 1
100417 1
102722 1
103060 1
103721 1
103851 1
104408 1
104438 1
104461 1
106388 1
107536 1
107781 1
108498 1
108774 1
108859 1
109842 1
110209 1
110558 1
111608 1
111822 1
112140 1
112516 1
113559 1
113596 1
113687 1
113928 1
114264 1
114290 1
114422 1
114891 1
115510 1
115512 1
117714 1
117936 1
117987 1
119966 1
121732 1
121740 1
122276 1
122318 1
122354 1
122394 1
122575 1
123080 1
123463 1
123963 1
123992 1
126533 1
128323 1
128657 1
129043 1
129346 1
129575 1
129711 1
130768 1
131891 1
131916 1
133303 1
133953 1
134954 1
135358 1
135493 1
135497 1
136144 1
137669 1
138429 1
138545 1
139650 1
139767 1
141364 1
142779 1
143042 1
145486 1
145520 1
147228 1
147408 1
147699 1
147788 1
148189 1
149480 1
150309 1
151896 1
152904 1
155671 1
156255 1
157292 1
157328 1
157382 1
157755 1
158877 1
159085 1
159934 1
159971 1
160404 1
165328 1
165985 1
167974 1
168257 1
168260 1
168428 1
169368 1
172347 1
173394 1
174065 1
174215 1
174828 1
175917 1
178836 1
178963 1
180491 1
181343 1
182039 1
186634 1
187562 1
187777 1
188566 1
189804 1
191414 1
197000 1
197609 1
198286 1
202908 1
203278 1
203316 1
203610 1
204856 1
210431 1
210954 1
218246 1
218721 1
219489 1
224747 1
225602 1
239555 1
241417 1
241871 1
243158 1
244934 1
245103 1
247196 1
247947 1
248482 1
252477 1
254118 1
257842 1
261489 1
262136 1
263836 1
265480 1
271088 1
273475 1
276715 1
277201 1
277682 1
277730 1
277963 1
292829 1
299966 1
300011 1
307723 1
309303 1
311032 1
315278 1
317523 1
326101 1
330240 1
332948 1
338885 1
341030 1
351157 1
371930 1
382359 1
393608 1
395545 1
400368 1
402388 1
405356 1
405842 1
411304 1
412951 1
424072 1
430930 1
435685 1
453426 1
475971 1
480792 1
482280 1
494467 1
496335 1
502646 1
509775 1
524569 1
544612 1
572780 1
592224 1
618950 1
621325 1
679763 1
683787 1
693806 1
702990 1
704757 1
748183 1
782933 1
803156 1
827030 1
882227 1
890992 1
1016660 1
1020497 1
1060803 1
1098005 1
1129273 1
1170592 1
1206947 1
1306722 1
1413156 1
1540673 1
1551291 1
1595800 1
1702552 1
1801215 1
2033872 1
2193379 1
2221697 1
2264511 1
2285621 1
2399996 1
2592993 1
3485365 1
3890541 1
4050906 1
4116598 1
14370346127 1
