0 13663260325
1 1317048766
2 87060055
3 14818878
4 6139626
5 2781995
6 2066214
7 1052700
8 583662
9 439523
10 276571
11 168027
12 184766
13 102453
14 93590
15 70591
16 50599
17 35416
18 44254
19 30240
20 27503
21 20493
22 21341
23 16223
24 17450
25 13338
26 11985
27 12684
28 14338
29 10639
30 9598
31 6823
32 9856
33 7376
34 6298
35 5684
36 5665
37 4745
38 5043
39 5505
40 4409
41 4603
42 4072
43 3629
44 6025
45 19377
46 3181
47 2820
48 3039
49 3336
50 4717
51 6023
52 4607
53 3633
54 2187
55 2088
56 2185
57 1940
58 1972
59 1723
60 1823
61 1616
62 1728
63 1503
64 1717
65 1507
66 1602
67 1467
68 1469
69 1317
70 1420
71 1368
72 1302
73 1217
74 1133
75 1049
76 1163
77 1042
78 1032
79 912
80 1029
81 999
82 985
83 886
84 919
85 824
86 819
87 755
88 812
89 804
90 799
91 738
92 797
93 714
94 756
95 610
96 671
97 626
98 604
99 664
100 640
101 630
102 624
103 573
104 574
105 610
106 574
107 532
108 543
109 512
110 508
111 518
112 500
113 461
114 530
115 507
116 509
117 458
118 433
119 434
120 515
121 412
122 399
123 376
124 421
125 398
126 409
127 354
128 404
129 364
130 402
131 370
132 422
133 379
134 366
135 402
136 395
137 370
138 339
139 344
140 353
141 298
142 333
143 300
144 332
145 369
146 324
147 291
148 268
149 300
150 307
151 294
152 267
153 282
154 293
155 255
156 260
157 286
158 300
159 253
160 269
161 268
162 279
163 189
164 245
165 220
166 240
167 240
168 239
169 246
170 215
171 186
172 224
173 213
174 236
175 188
176 197
177 186
178 213
179 171
180 252
181 184
182 214
183 182
184 203
185 184
186 210
187 176
188 172
189 183
190 200
191 161
192 202
193 188
194 195
195 190
196 167
197 178
198 176
199 193
200 144
201 168
202 165
203 160
204 157
205 169
206 153
207 122
208 135
209 131
210 162
211 168
212 149
213 131
214 165
215 150
216 138
217 155
218 167
219 141
220 139
221 146
222 133
223 150
224 176
225 140
226 114
227 118
228 144
229 163
230 140
231 155
232 110
233 110
234 113
235 978
236 273
237 129
238 135
239 112
240 151
241 121
242 133
243 99
244 125
245 89
246 118
247 113
248 119
249 125
250 122
251 105
252 115
253 107
254 117
255 99
256 115
257 133
258 115
259 110
260 131
261 108
262 114
263 105
264 109
265 116
266 101
267 113
268 94
269 98
270 103
271 104
272 131
273 93
274 86
275 90
276 100
277 79
278 121
279 82
280 92
281 103
282 111
283 95
284 94
285 83
286 104
287 100
288 145
289 128
290 82
291 82
292 103
293 78
294 101
295 111
296 95
297 79
298 90
299 90
300 113
301 77
302 82
303 101
304 86
305 73
306 105
307 84
308 79
309 71
310 94
311 97
312 84
313 96
314 80
315 81
316 110
317 102
318 106
319 100
320 105
321 103
322 104
323 92
324 83
325 99
326 91
327 87
328 81
329 84
330 82
331 80
332 83
333 73
334 79
335 76
336 83
337 72
338 98
339 70
340 75
341 58
342 108
343 74
344 86
345 87
346 75
347 56
348 74
349 74
350 65
351 74
352 71
353 65
354 77
355 72
356 69
357 80
358 63
359 82
360 50
361 49
362 68
363 49
364 52
365 78
366 62
367 62
368 88
369 47
370 53
371 52
372 86
373 63
374 59
375 75
376 75
377 78
378 53
379 54
380 64
381 52
382 50
383 67
384 68
385 47
386 66
387 63
388 65
389 71
390 47
391 56
392 52
393 48
394 54
395 53
396 57
397 55
398 55
399 51
400 72
401 62
402 44
403 62
404 48
405 65
406 50
407 47
408 50
409 52
410 56
411 48
412 50
413 66
414 66
415 50
416 34
417 52
418 51
419 39
420 66
421 48
422 34
423 56
424 50
425 50
426 40
427 49
428 47
429 62
430 64
431 54
432 54
433 40
434 56
435 61
436 57
437 41
438 50
439 41
440 48
441 41
442 53
443 36
444 50
445 50
446 45
447 37
448 41
449 29
450 50
451 40
452 38
453 34
454 52
455 47
456 35
457 42
458 55
459 29
460 37
461 32
462 38
463 43
464 28
465 32
466 40
467 46
468 47
469 44
470 34
471 59
472 42
473 43
474 37
475 35
476 45
477 41
478 53
479 32
480 38
481 38
482 40
483 67
484 41
485 31
486 40
487 31
488 40
489 33
490 41
491 47
492 33
493 44
494 47
495 44
496 42
497 34
498 37
499 32
500 36
501 34
502 38
503 31
504 33
505 33
506 40
507 33
508 31
509 44
510 26
511 29
512 19
513 46
514 32
515 34
516 27
517 44
518 32
519 41
520 34
521 31
522 39
523 31
524 33
525 37
526 31
527 44
528 36
529 26
530 30
531 38
532 27
533 28
534 25
535 36
536 44
537 28
538 28
539 27
540 49
541 42
542 29
543 26
544 35
545 33
546 28
547 37
548 37
549 33
550 28
551 32
552 29
553 38
554 22
555 26
556 29
557 29
558 31
559 26
560 26
561 35
562 26
563 30
564 25
565 29
566 29
567 31
568 21
569 34
570 35
571 28
572 25
573 25
574 34
575 27
576 23
577 29
578 24
579 22
580 22
581 31
582 24
583 18
584 15
585 16
586 23
587 33
588 27
589 19
590 22
591 29
592 18
593 13
594 19
595 19
596 28
597 23
598 21
599 23
600 30
601 14
602 25
603 35
604 16
605 15
606 18
607 32
608 24
609 21
610 27
611 33
612 18
613 18
614 18
615 8
616 24
617 21
618 11
619 26
620 32
621 11
622 19
623 12
624 21
625 31
626 28
627 13
628 14
629 24
630 21
631 16
632 21
633 20
634 21
635 20
636 17
637 26
638 25
639 18
640 15
641 23
642 20
643 19
644 24
645 15
646 14
647 12
648 17
649 17
650 28
651 13
652 17
653 25
654 18
655 19
656 12
657 23
658 13
659 14
660 21
661 13
662 19
663 23
664 27
665 20
666 27
667 24
668 30
669 20
670 30
671 13
672 15
673 11
674 19
675 16
676 12
677 29
678 15
679 13
680 8
681 12
682 19
683 16
684 22
685 14
686 16
687 20
688 20
689 16
690 21
691 18
692 12
693 18
694 24
695 19
696 22
697 11
698 26
699 16
700 22
701 11
702 17
703 21
704 20
705 20
706 15
707 25
708 16
709 19
710 18
711 16
712 9
713 13
714 19
715 14
716 12
717 18
718 14
719 18
720 19
721 11
722 17
723 13
724 14
725 5
726 24
727 14
728 18
729 25
730 19
731 12
732 18
733 16
734 18
735 18
736 15
737 11
738 16
739 24
740 24
741 14
742 22
743 20
744 16
745 19
746 13
747 14
748 20
749 17
750 15
751 19
752 18
753 16
754 13
755 12
756 10
757 11
758 15
759 12
760 12
761 15
762 15
763 15
764 12
765 15
766 16
767 10
768 8
769 8
770 18
771 14
772 11
773 6
774 11
775 12
776 7
777 12
778 5
779 5
780 13
781 7
782 12
783 18
784 28
785 8
786 12
787 14
788 10
789 12
790 16
791 19
792 9
793 18
794 16
795 14
796 13
797 9
798 13
799 10
800 13
801 7
802 7
803 7
804 6
805 13
806 10
807 14
808 18
809 9
810 27
811 15
812 18
813 13
814 5
815 7
816 5
817 13
818 14
819 18
820 14
821 19
822 10
823 9
824 14
825 15
826 11
827 12
828 11
829 15
830 9
831 15
832 8
833 11
834 10
835 16
836 17
837 17
838 13
839 14
840 13
841 8
842 11
843 11
844 10
845 21
846 16
847 8
848 13
849 12
850 14
851 19
852 9
853 14
854 8
855 4
856 6
857 7
858 17
859 18
860 19
861 10
862 11
863 8
864 11
865 11
866 7
867 15
868 10
869 15
870 23
871 19
872 13
873 4
874 13
875 10
876 9
877 12
878 11
879 12
880 10
881 11
882 9
883 15
884 8
885 14
886 16
887 12
888 6
889 13
890 13
891 8
892 8
893 4
894 12
895 9
896 4
897 8
898 10
899 16
900 13
901 5
902 10
903 8
904 8
905 13
906 7
907 8
908 14
909 10
910 9
911 8
912 9
913 10
914 12
915 3
916 14
917 8
918 4
919 7
920 10
921 6
922 5
923 10
924 9
925 12
926 16
927 12
928 16
929 10
930 26
931 4
932 7
933 12
934 12
935 7
936 11
937 12
938 15
939 7
940 8
941 6
942 6
943 5
944 7
945 7
946 6
947 11
948 6
949 7
950 9
951 15
952 255
953 246
954 5
955 6
956 12
957 8
958 9
959 7
960 14
961 8
962 4
963 6
964 9
965 8
966 24
967 4
968 3
969 9
970 3
971 2
972 4
973 8
974 10
975 4
976 10
977 3
978 7
979 20
980 4
981 2
982 9
983 9
984 2
985 5
986 9
987 7
988 11
989 6
990 16
991 10
992 4
993 6
994 6
995 3
996 7
997 6
998 5
999 10
1000 18
1001 10
1002 8
1003 11
1004 14
1005 8
1006 12
1007 10
1008 6
1009 7
1010 9
1011 9
1012 3
1013 7
1014 11
1015 14
1016 5
1017 9
1018 7
1019 6
1020 16
1021 6
1022 8
1023 9
1024 11
1025 11
1026 5
1027 10
1028 7
1029 9
1030 7
1031 3
1032 5
1033 4
1034 4
1035 10
1036 5
1037 10
1038 4
1039 2
1040 8
1041 7
1042 9
1043 8
1044 5
1045 9
1046 10
1047 5
1048 8
1049 10
1050 10
1051 6
1052 3
1053 7
1054 2
1055 4
1056 4
1057 7
1058 4
1059 7
1060 6
1061 7
1062 7
1063 11
1064 8
1065 19
1066 7
1067 9
1068 4
1069 4
1070 3
1071 6
1072 8
1073 10
1074 7
1075 5
1076 7
1077 4
1078 5
1079 4
1080 11
1081 6
1082 4
1083 9
1084 7
1085 5
1086 9
1087 10
1088 7
1089 5
1090 6
1091 8
1092 4
1093 3
1094 3
1095 5
1096 5
1097 7
1098 6
1099 7
1100 4
1101 6
1102 7
1103 7
1104 2
1105 6
1106 9
1107 6
1108 12
1109 4
1110 7
1111 7
1112 5
1113 4
1114 2
1115 3
1116 7
1117 9
1118 9
1119 7
1120 10
1121 2
1122 2
1123 7
1124 3
1125 6
1126 8
1127 5
1129 3
1130 3
1131 5
1132 4
1133 1
1134 10
1135 5
1136 3
1137 3
1138 8
1139 6
1140 5
1141 2
1142 3
1143 4
1144 3
1145 2
1146 7
1147 5
1148 5
1149 4
1150 5
1151 4
1152 8
1154 10
1155 2
1156 5
1157 3
1158 5
1159 11
1160 7
1161 6
1162 13
1163 2
1164 3
1165 1
1166 4
1167 3
1168 3
1169 7
1170 11
1171 6
1172 7
1173 9
1174 3
1175 1
1176 7
1177 4
1178 5
1179 10
1180 9
1181 15
1182 3
1183 11
1184 7
1185 7
1186 3
1187 6
1188 6
1189 6
1190 6
1191 6
1192 2
1193 7
1194 5
1195 8
1196 5
1197 5
1198 13
1199 5
1200 7
1201 1
1202 5
1203 2
1204 6
1205 4
1206 4
1207 5
1208 1
1209 2
1210 7
1211 9
1212 2
1213 8
1214 12
1215 4
1216 5
1217 7
1218 3
1219 6
1220 5
1221 2
1222 4
1223 5
1224 8
1225 8
1226 5
1227 2
1228 4
1229 6
1230 7
1231 1
1232 6
1233 2
1234 6
1235 2
1236 3
1237 6
1238 1
1239 2
1240 7
1241 10
1242 8
1243 7
1244 3
1245 10
1246 6
1247 6
1248 5
1249 6
1250 3
1251 6
1252 4
1253 3
1254 10
1255 1
1256 6
1257 2
1258 4
1259 5
1260 12
1262 6
1263 3
1264 2
1265 7
1267 10
1268 2
1269 3
1270 7
1271 1
1272 3
1273 3
1274 3
1275 5
1276 4
1277 3
1278 2
1279 3
1280 2
1281 6
1282 6
1283 6
1284 3
1285 7
1286 2
1287 6
1288 4
1289 6
1290 5
1291 4
1292 4
1293 5
1294 1
1295 4
1296 3
1297 11
1298 2
1300 6
1301 9
1302 4
1303 6
1304 7
1305 8
1306 2
1307 2
1308 5
1309 5
1310 2
1311 7
1312 5
1313 4
1314 4
1315 8
1316 4
1317 4
1318 3
1319 6
1320 1
1321 2
1322 2
1323 3
1324 7
1326 4
1327 3
1328 2
1329 5
1330 9
1331 1
1332 4
1333 3
1334 7
1335 4
1337 2
1338 2
1339 4
1340 6
1341 6
1342 3
1343 7
1344 8
1345 7
1346 4
1347 8
1348 4
1349 1
1350 5
1351 11
1352 4
1353 3
1354 4
1355 4
1356 3
1357 2
1359 3
1360 5
1361 3
1362 8
1363 6
1364 2
1365 5
1366 4
1367 6
1368 3
1369 3
1370 5
1371 2
1372 2
1373 2
1374 4
1375 3
1376 7
1377 3
1378 3
1379 1
1380 2
1381 2
1382 4
1383 4
1384 3
1385 1
1386 2
1387 4
1388 3
1389 6
1390 1
1391 5
1392 5
1393 9
1394 8
1395 1
1396 1
1397 6
1398 3
1399 4
1400 3
1401 3
1402 2
1403 4
1404 2
1405 4
1406 4
1407 4
1408 2
1409 1
1410 2
1411 1
1412 4
1413 6
1414 4
1415 4
1416 3
1417 2
1418 9
1419 5
1420 5
1422 9
1423 6
1424 4
1425 7
1427 6
1429 7
1430 3
1431 6
1432 3
1433 3
1435 2
1436 2
1437 5
1438 5
1439 2
1440 3
1441 2
1442 3
1443 4
1444 4
1445 5
1446 8
1447 2
1448 3
1449 3
1450 3
1451 3
1452 3
1453 3
1454 4
1455 5
1456 2
1458 3
1459 4
1460 5
1461 7
1462 8
1463 2
1464 4
1467 1
1468 3
1469 3
1470 1
1471 7
1473 4
1474 6
1475 2
1476 1
1477 4
1478 4
1479 4
1480 6
1481 3
1482 2
1483 4
1484 6
1485 2
1486 1
1487 2
1488 4
1489 7
1490 1
1491 4
1492 4
1493 3
1494 5
1495 8
1496 6
1497 5
1498 6
1499 3
1500 2
1501 6
1502 4
1504 2
1505 2
1506 4
1507 1
1508 7
1509 7
1512 2
1513 6
1514 1
1515 2
1516 1
1517 2
1518 1
1519 2
1520 4
1521 7
1522 6
1523 3
1524 11
1525 6
1526 4
1527 4
1528 4
1529 5
1530 3
1531 2
1532 5
1533 3
1534 3
1535 5
1536 2
1537 2
1538 3
1539 1
1540 4
1541 3
1542 2
1544 1
1545 4
1546 3
1547 2
1548 7
1549 3
1550 2
1553 2
1554 1
1555 4
1557 9
1558 2
1560 3
1561 2
1562 4
1564 2
1566 3
1567 2
1568 3
1569 3
1570 2
1571 2
1572 3
1573 3
1574 5
1575 7
1576 1
1578 1
1579 1
1580 3
1581 3
1582 2
1583 1
1584 4
1585 4
1586 1
1587 5
1589 4
1590 2
1591 2
1592 2
1593 1
1594 4
1595 2
1596 2
1597 4
1598 2
1599 1
1600 2
1601 2
1602 1
1603 4
1604 2
1605 2
1606 5
1607 1
1609 2
1611 5
1613 5
1614 2
1615 3
1616 3
1617 9
1618 4
1619 2
1620 7
1621 3
1622 2
1623 3
1624 2
1626 2
1627 5
1628 1
1629 3
1632 1
1634 4
1635 1
1636 1
1637 1
1639 2
1640 7
1641 4
1642 4
1643 6
1644 2
1645 4
1646 2
1647 2
1648 2
1649 1
1650 5
1651 2
1652 4
1653 3
1654 3
1655 5
1657 3
1658 3
1660 3
1661 1
1663 1
1664 2
1665 2
1666 1
1667 1
1668 7
1669 3
1670 1
1671 1
1672 2
1673 2
1674 4
1675 2
1676 2
1677 1
1678 1
1679 2
1680 2
1681 1
1682 7
1683 3
1684 6
1685 1
1686 2
1687 2
1688 6
1689 5
1690 6
1691 4
1692 3
1693 2
1694 3
1695 10
1696 1
1697 1
1698 4
1699 2
1700 4
1701 3
1703 2
1704 4
1705 1
1706 2
1707 3
1708 2
1709 1
1710 3
1711 7
1712 1
1713 2
1714 4
1715 2
1716 2
1717 1
1718 2
1719 2
1720 4
1721 6
1722 1
1723 1
1724 7
1725 2
1726 4
1727 3
1728 2
1729 2
1730 1
1731 8
1732 3
1733 1
1734 2
1735 2
1737 2
1738 1
1739 1
1740 3
1742 1
1743 4
1744 2
1745 4
1747 3
1748 1
1749 3
1750 3
1751 9
1753 2
1754 3
1755 1
1756 4
1757 2
1759 2
1760 5
1761 2
1762 2
1763 1
1764 1
1765 1
1767 3
1768 1
1769 5
1770 3
1771 2
1772 1
1775 3
1776 6
1777 9
1778 5
1779 3
1780 3
1782 3
1783 2
1784 5
1785 1
1786 2
1788 3
1789 1
1791 1
1793 1
1794 3
1795 2
1796 1
1798 3
1799 2
1801 2
1802 2
1804 2
1805 2
1807 3
1808 2
1810 1
1811 4
1812 3
1813 4
1815 3
1816 1
1817 1
1818 1
1822 5
1824 4
1825 1
1826 2
1827 1
1828 3
1829 4
1830 5
1831 2
1832 3
1833 1
1837 2
1838 5
1839 5
1840 5
1841 2
1842 3
1843 2
1844 3
1845 5
1846 2
1847 6
1851 4
1852 2
1853 8
1854 1
1855 5
1856 1
1857 3
1858 1
1859 3
1860 2
1861 1
1862 1
1864 5
1866 1
1867 1
1868 2
1870 5
1871 1
1872 4
1873 1
1874 3
1875 3
1876 3
1877 2
1878 2
1879 2
1881 6
1883 2
1884 2
1885 3
1886 1
1887 2
1888 2
1892 3
1893 3
1894 1
1895 1
1897 3
1898 2
1899 3
1900 3
1901 2
1902 1
1903 3
1904 4
1905 1
1906 2
1907 5
1908 1
1909 1
1910 3
1911 2
1912 3
1913 2
1914 7
1915 4
1917 3
1918 4
1919 2
1920 2
1921 3
1922 1
1925 3
1927 3
1928 2
1929 5
1930 2
1931 4
1932 1
1933 5
1934 3
1935 4
1936 3
1939 1
1940 1
1942 3
1943 2
1944 1
1946 1
1947 1
1948 1
1950 1
1951 4
1952 3
1953 5
1954 1
1955 1
1956 3
1957 1
1958 5
1959 1
1960 1
1961 1
1962 1
1963 2
1964 2
1965 1
1966 3
1967 7
1968 1
1969 4
1970 1
1971 1
1973 1
1974 1
1975 2
1976 2
1977 4
1978 2
1979 3
1980 4
1982 4
1983 1
1984 3
1985 1
1986 4
1987 2
1988 4
1989 1
1990 2
1991 1
1993 1
1995 2
1996 1
1998 2
1999 2
2000 1
2002 2
2004 2
2005 1
2008 2
2009 1
2011 2
2012 1
2015 3
2021 1
2023 1
2024 4
2025 2
2028 2
2030 1
2032 3
2033 2
2034 3
2037 3
2038 3
2040 1
2042 4
2043 3
2044 1
2045 5
2046 3
2047 2
2048 1
2050 2
2051 1
2052 2
2053 1
2057 1
2058 2
2059 2
2060 1
2061 1
2065 1
2067 1
2068 2
2070 3
2071 2
2072 4
2073 4
2074 2
2075 1
2076 1
2077 2
2078 5
2081 1
2082 2
2084 1
2086 4
2087 1
2088 1
2091 1
2092 3
2093 2
2096 1
2097 2
2098 2
2099 3
2100 3
2101 3
2102 1
2104 2
2106 2
2108 1
2109 1
2111 1
2112 1
2113 1
2114 2
2115 2
2116 1
2117 2
2118 2
2120 1
2123 1
2124 1
2125 1
2126 2
2127 5
2130 1
2131 1
2133 1
2134 1
2135 1
2136 3
2137 2
2138 1
2139 5
2140 1
2142 1
2143 1
2145 4
2148 2
2150 4
2153 2
2154 1
2155 1
2156 2
2158 2
2159 1
2162 3
2163 1
2164 3
2165 1
2166 1
2168 2
2171 3
2173 2
2174 1
2176 1
2178 1
2181 1
2187 3
2188 4
2189 1
2190 3
2192 3
2195 2
2196 2
2197 3
2198 4
2199 4
2200 3
2202 1
2204 2
2205 4
2207 1
2208 8
2209 1
2210 3
2211 1
2212 1
2219 2
2220 4
2222 1
2224 1
2225 2
2227 1
2229 3
2231 5
2233 5
2234 1
2235 1
2236 1
2238 1
2240 1
2242 1
2243 1
2244 3
2246 4
2249 1
2250 1
2252 2
2253 2
2254 1
2258 1
2260 3
2262 1
2264 1
2266 1
2268 2
2269 1
2271 3
2272 1
2275 2
2276 3
2277 3
2278 2
2279 3
2281 1
2282 1
2283 2
2284 2
2286 2
2287 2
2289 1
2291 2
2292 1
2293 1
2295 6
2298 1
2299 2
2300 2
2302 2
2303 1
2308 1
2309 1
2311 2
2313 3
2315 1
2316 2
2318 2
2322 1
2325 2
2326 1
2328 4
2330 1
2333 1
2335 2
2337 1
2342 2
2343 4
2347 4
2348 2
2349 1
2350 1
2351 2
2352 2
2354 2
2355 2
2356 2
2357 2
2358 1
2359 1
2364 1
2365 3
2366 1
2369 3
2370 2
2371 3
2372 1
2373 3
2374 1
2375 2
2377 3
2380 1
2381 1
2382 1
2383 2
2384 2
2385 1
2387 1
2389 1
2390 2
2392 2
2394 4
2395 1
2396 2
2397 3
2398 2
2399 1
2402 1
2404 1
2405 1
2406 1
2411 1
2413 1
2415 1
2416 3
2419 3
2420 2
2422 1
2424 1
2427 1
2429 1
2432 1
2433 3
2435 1
2439 1
2440 1
2442 3
2443 2
2445 1
2446 1
2447 1
2448 2
2450 1
2452 3
2453 2
2454 3
2455 1
2457 2
2460 1
2463 1
2466 1
2467 1
2468 2
2471 1
2474 1
2481 2
2482 1
2484 1
2485 1
2486 2
2487 1
2488 2
2489 2
2490 1
2491 1
2494 3
2495 1
2496 2
2497 1
2498 1
2499 1
2500 1
2501 1
2502 1
2503 3
2505 3
2506 2
2507 1
2508 3
2510 1
2512 1
2513 1
2514 2
2515 3
2516 2
2518 1
2520 2
2521 3
2522 1
2523 2
2525 1
2527 1
2528 1
2532 2
2534 1
2535 1
2536 1
2539 2
2542 1
2545 2
2550 1
2551 1
2552 1
2554 3
2558 2
2559 2
2560 2
2561 1
2563 3
2564 1
2566 3
2567 1
2568 2
2570 1
2571 3
2573 3
2574 1
2577 1
2578 1
2579 3
2581 2
2582 1
2583 2
2585 2
2587 1
2589 3
2590 1
2593 1
2594 2
2596 1
2597 2
2600 1
2602 4
2603 1
2609 3
2610 2
2612 2
2613 3
2616 2
2619 2
2621 1
2623 1
2625 1
2627 2
2629 3
2630 2
2632 1
2636 2
2641 2
2645 1
2650 1
2651 2
2654 1
2655 2
2656 1
2658 2
2660 2
2666 1
2667 3
2668 2
2675 1
2676 2
2677 1
2680 2
2683 1
2684 1
2685 1
2687 1
2688 1
2689 3
2690 1
2691 1
2692 1
2693 2
2694 2
2697 1
2698 1
2702 1
2703 1
2704 1
2709 1
2710 1
2711 2
2712 1
2719 2
2721 1
2722 2
2725 1
2726 1
2727 2
2729 1
2733 1
2738 2
2740 1
2747 1
2749 2
2750 1
2751 2
2752 1
2756 3
2757 1
2758 5
2759 1
2761 3
2762 1
2770 1
2771 4
2776 2
2780 2
2783 1
2784 2
2787 4
2788 1
2789 2
2794 1
2798 1
2799 3
2800 2
2801 1
2804 1
2805 1
2806 2
2807 2
2808 1
2809 1
2810 1
2811 2
2814 1
2816 3
2817 2
2820 1
2821 1
2824 2
2825 1
2827 1
2833 2
2834 1
2836 1
2837 2
2840 1
2842 1
2843 1
2846 6
2848 1
2849 1
2851 3
2853 1
2856 3
2859 1
2861 1
2866 1
2867 2
2868 1
2869 1
2876 4
2877 1
2881 2
2882 1
2886 2
2888 2
2889 1
2890 1
2894 1
2897 1
2898 1
2899 1
2901 2
2902 1
2903 2
2904 4
2905 2
2910 1
2912 1
2914 2
2917 1
2918 3
2919 1
2920 1
2923 2
2925 1
2926 1
2931 2
2933 1
2934 1
2936 2
2938 2
2940 2
2943 1
2944 2
2945 1
2946 1
2949 3
2950 1
2951 1
2952 1
2953 1
2963 1
2964 2
2965 2
2966 1
2967 1
2971 3
2972 3
2974 1
2975 2
2976 1
2977 1
2980 2
2981 2
2982 2
2983 3
2984 1
2985 1
2986 2
2988 1
2989 1
2990 1
2991 2
2993 1
2994 3
2996 1
2999 1
3000 2
3001 2
3002 1
3004 2
3005 1
3009 1
3011 2
3016 4
3017 2
3019 2
3020 2
3021 1
3023 1
3027 1
3032 4
3033 2
3038 1
3039 2
3040 1
3043 1
3045 1
3046 1
3047 1
3048 1
3049 2
3051 1
3055 2
3056 1
3059 1
3060 3
3062 3
3063 1
3064 1
3065 1
3067 1
3068 3
3072 1
3074 1
3075 1
3079 1
3080 1
3085 1
3088 1
3089 2
3090 1
3093 2
3100 1
3101 1
3105 1
3106 1
3109 1
3114 2
3116 1
3117 1
3118 1
3120 1
3121 4
3123 2
3131 2
3132 2
3138 1
3141 1
3142 2
3151 2
3153 1
3167 1
3169 1
3170 1
3171 2
3173 2
3177 3
3178 2
3180 1
3184 2
3189 3
3190 1
3192 2
3198 1
3199 1
3204 1
3205 1
3206 1
3214 1
3217 1
3220 2
3221 1
3223 2
3226 2
3230 1
3231 2
3235 1
3238 1
3239 1
3250 1
3257 1
3258 1
3260 1
3266 2
3269 1
3276 1
3282 1
3283 2
3286 1
3288 2
3289 2
3292 1
3293 1
3294 3
3295 2
3297 2
3302 3
3303 1
3304 1
3306 1
3323 1
3324 1
3328 1
3330 1
3334 2
3336 2
3337 1
3340 1
3342 2
3344 1
3345 3
3346 1
3348 2
3351 1
3355 1
3356 1
3357 1
3359 3
3364 1
3365 1
3368 1
3372 1
3373 1
3377 1
3379 1
3383 1
3384 1
3388 1
3390 2
3392 1
3393 2
3397 1
3401 1
3402 1
3409 1
3410 2
3412 1
3413 1
3421 1
3427 1
3430 1
3437 2
3439 3
3440 1
3441 1
3442 2
3451 2
3452 1
3460 3
3461 2
3462 1
3466 2
3473 1
3478 1
3481 1
3483 2
3489 2
3490 1
3491 1
3492 1
3494 2
3495 1
3496 1
3497 1
3498 1
3499 1
3500 2
3501 1
3506 2
3507 1
3517 1
3520 2
3522 1
3528 1
3543 2
3549 1
3554 1
3559 1
3562 2
3563 1
3573 1
3586 2
3589 1
3590 3
3598 3
3609 2
3611 1
3614 1
3615 2
3619 1
3622 1
3627 1
3628 1
3629 1
3630 1
3632 2
3636 1
3639 3
3640 3
3641 1
3643 1
3647 4
3649 1
3650 1
3651 2
3652 2
3653 3
3654 3
3657 1
3660 2
3661 1
3665 1
3666 1
3669 1
3673 1
3678 1
3687 1
3690 1
3698 2
3702 2
3705 1
3715 1
3718 2
3719 1
3727 1
3732 2
3735 1
3738 1
3747 2
3751 1
3753 1
3756 1
3759 1
3761 2
3762 2
3773 1
3774 1
3775 1
3777 1
3778 1
3779 1
3784 1
3785 2
3789 1
3795 1
3797 1
3800 1
3810 1
3815 2
3816 1
3817 1
3823 1
3830 2
3831 1
3836 1
3838 1
3840 2
3845 2
3848 1
3850 1
3851 1
3852 1
3856 2
3860 4
3868 2
3874 2
3876 1
3877 1
3880 1
3882 1
3883 1
3888 1
3890 1
3893 2
3898 1
3899 2
3902 2
3905 2
3907 3
3910 1
3916 1
3922 2
3923 2
3924 1
3926 1
3928 1
3929 2
3931 1
3932 1
3934 2
3936 1
3937 1
3938 1
3939 1
3940 1
3942 1
3943 1
3944 1
3946 1
3976 1
3986 2
3989 1
3993 1
3994 1
4003 2
4005 1
4006 2
4007 1
4019 1
4048 1
4051 2
4059 1
4066 2
4070 2
4079 1
4087 1
4088 1
4090 2
4093 2
4094 2
4096 1
4097 2
4098 1
4104 2
4105 3
4107 1
4110 2
4119 1
4120 1
4124 1
4127 1
4137 1
4140 1
4142 1
4148 1
4149 1
4154 1
4159 1
4162 1
4164 1
4166 1
4173 2
4176 1
4182 1
4186 1
4199 1
4201 2
4203 1
4209 2
4212 1
4215 1
4219 1
4233 2
4235 1
4240 2
4245 1
4252 1
4270 1
4276 1
4279 1
4292 2
4294 1
4299 1
4304 1
4319 1
4321 1
4323 1
4324 1
4326 1
4330 1
4336 1
4343 2
4352 1
4355 1
4361 1
4363 1
4370 1
4378 1
4384 1
4390 1
4391 1
4392 1
4393 1
4395 1
4406 1
4410 2
4415 1
4419 2
4432 1
4446 1
4448 1
4456 1
4461 1
4462 2
4467 1
4468 1
4471 2
4479 1
4483 1
4484 1
4487 1
4491 2
4493 1
4495 2
4496 1
4509 2
4514 2
4515 1
4516 1
4528 1
4537 2
4540 1
4543 1
4554 1
4555 2
4558 1
4576 2
4578 1
4582 1
4586 3
4587 1
4588 1
4592 3
4607 1
4611 1
4619 1
4620 1
4625 1
4633 2
4638 1
4644 1
4645 1
4649 1
4652 1
4656 1
4658 1
4661 1
4666 1
4667 1
4668 2
4669 1
4680 1
4684 1
4685 1
4694 1
4709 1
4721 2
4723 1
4726 1
4752 1
4755 2
4759 2
4762 3
4766 1
4780 1
4784 1
4785 1
4786 1
4789 1
4803 1
4819 1
4825 1
4826 1
4827 1
4831 1
4843 1
4846 3
4847 1
4849 1
4858 1
4859 1
4862 1
4871 1
4877 1
4882 3
4887 1
4892 1
4894 3
4898 1
4902 2
4904 3
4908 2
4911 2
4917 2
4918 1
4929 1
4934 1
4954 1
4973 2
4980 1
4996 1
4997 1
5000 1
5001 3
5004 1
5006 1
5009 1
5012 1
5018 1
5030 1
5032 1
5037 1
5040 1
5051 1
5060 1
5062 1
5069 2
5070 1
5075 1
5076 1
5077 1
5078 1
5081 1
5084 1
5086 2
5094 2
5099 1
5100 1
5104 2
5105 1
5108 1
5109 1
5112 1
5130 1
5131 1
5133 1
5141 1
5158 1
5169 1
5170 1
5171 1
5172 1
5179 2
5183 1
5205 1
5209 1
5225 1
5227 1
5233 1
5234 1
5238 1
5259 1
5266 1
5272 1
5276 1
5300 2
5302 1
5308 1
5311 1
5314 1
5333 1
5337 1
5345 1
5347 1
5352 1
5357 1
5368 1
5370 1
5376 2
5377 1
5380 1
5384 1
5386 3
5391 1
5396 3
5402 1
5403 1
5409 1
5411 1
5416 1
5422 1
5427 1
5431 1
5438 1
5445 1
5448 1
5451 1
5454 2
5456 1
5457 2
5458 1
5460 1
5463 1
5465 1
5466 1
5469 1
5473 2
5474 1
5478 2
5488 3
5490 1
5491 2
5494 1
5495 2
5496 3
5497 1
5498 1
5499 4
5500 1
5502 1
5506 2
5517 1
5521 2
5528 1
5534 1
5548 2
5556 1
5583 1
5585 1
5589 1
5590 2
5595 1
5598 1
5614 1
5621 1
5634 1
5642 1
5644 1
5647 1
5649 1
5666 1
5671 1
5675 1
5677 1
5679 1
5681 1
5692 3
5700 1
5701 1
5713 1
5716 2
5730 1
5743 2
5750 2
5753 1
5760 1
5763 2
5788 1
5794 1
5796 1
5808 1
5818 1
5833 2
5838 1
5840 1
5842 1
5854 2
5865 1
5866 2
5872 1
5892 1
5893 1
5901 1
5905 1
5906 1
5918 1
5921 1
5922 1
5945 1
5954 1
5957 1
5961 1
5972 1
5980 2
5983 1
5991 1
5994 1
6001 1
6009 1
6012 1
6013 1
6017 2
6022 1
6024 1
6026 1
6027 1
6044 1
6048 2
6051 1
6071 1
6078 1
6092 1
6101 1
6102 1
6136 1
6138 2
6140 1
6143 1
6145 1
6149 1
6159 1
6163 1
6164 1
6186 2
6196 2
6209 2
6217 1
6235 1
6240 1
6244 1
6246 3
6261 1
6268 1
6285 1
6292 1
6294 2
6295 1
6296 1
6300 1
6302 1
6306 1
6308 1
6314 1
6321 1
6328 2
6347 1
6355 1
6383 1
6397 1
6409 1
6411 1
6412 1
6416 1
6420 1
6421 1
6424 1
6443 1
6445 1
6457 1
6460 1
6495 1
6496 2
6517 2
6528 1
6533 1
6546 1
6549 1
6550 1
6575 1
6577 1
6586 1
6591 1
6596 1
6603 1
6658 1
6660 1
6681 1
6697 1
6703 1
6708 1
6750 1
6755 2
6796 1
6802 1
6814 1
6816 1
6836 1
6837 1
6855 1
6861 1
6862 2
6870 1
6889 1
6890 1
6906 1
6907 1
6908 1
6911 1
6917 1
6919 1
6946 1
6960 1
6984 1
6989 1
7001 1
7002 1
7015 1
7023 1
7024 1
7078 2
7114 1
7127 1
7143 1
7145 1
7155 1
7163 1
7164 1
7170 2
7192 1
7194 1
7205 1
7214 1
7252 1
7259 2
7272 2
7290 2
7343 1
7344 2
7359 1
7381 1
7428 1
7429 1
7434 1
7436 1
7449 2
7459 1
7470 1
7480 1
7486 1
7487 1
7489 1
7519 1
7551 1
7563 1
7571 2
7580 2
7591 1
7595 1
7656 2
7671 2
7696 1
7725 1
7732 2
7757 1
7764 1
7782 1
7786 1
7800 1
7844 1
7866 1
7895 1
7900 1
7909 1
7911 4
7952 1
7986 1
7995 1
7998 1
8007 1
8013 1
8022 2
8055 1
8059 1
8071 2
8085 1
8098 1
8128 2
8143 1
8167 1
8182 1
8189 1
8192 1
8195 1
8209 2
8211 1
8239 1
8268 1
8271 1
8275 2
8278 1
8286 1
8341 1
8370 1
8374 1
8421 1
8440 1
8477 1
8525 1
8527 1
8574 1
8609 2
8615 2
8631 2
8641 1
8657 1
8662 1
8664 1
8665 1
8682 2
8694 2
8706 1
8722 1
8734 1
8753 1
8778 1
8784 1
8787 1
8788 1
8796 1
8803 1
8808 1
8823 2
8877 1
8884 1
8890 2
8917 1
8947 1
8958 1
8959 1
8965 1
9010 1
9026 1
9045 1
9060 1
9073 1
9094 2
9096 2
9097 1
9111 1
9156 1
9159 2
9160 1
9170 1
9219 2
9228 1
9237 1
9289 1
9319 1
9345 2
9364 1
9396 1
9465 1
9471 1
9579 1
9595 1
9598 1
9692 2
9699 1
9703 1
9708 1
9717 1
9719 1
9745 1
9769 1
9831 1
9884 1
9897 1
9901 1
9907 2
9915 1
9916 1
9929 1
9932 1
9959 3
9962 1
9991 1
9994 1
10002 3
10003 2
10012 1
10024 1
10041 1
10092 2
10107 2
10108 3
10124 1
10125 1
10139 1
10143 2
10255 1
10258 1
10290 1
10321 1
10350 1
10351 1
10374 1
10377 1
10402 1
10474 1
10477 1
10484 1
10513 1
10528 1
10549 1
10558 1
10564 1
10587 1
10616 1
10642 1
10647 1
10658 1
10683 1
10697 2
10699 1
10718 1
10756 1
10767 1
10773 1
10776 1
10788 1
10824 1
10870 1
10932 2
11004 1
11027 1
11111 1
11136 1
11145 1
11162 1
11215 1
11218 1
11242 1
11245 1
11258 1
11261 1
11351 1
11353 1
11359 1
11367 1
11377 2
11385 1
11388 1
11400 1
11408 1
11450 1
11456 1
11457 1
11490 2
11494 1
11516 1
11531 1
11583 2
11715 1
11742 1
11743 1
11798 1
11802 1
11829 1
11992 1
12021 2
12022 1
12026 1
12040 1
12050 1
12149 1
12231 1
12287 1
12289 1
12294 3
12296 2
12303 1
12418 3
12419 1
12485 1
12495 1
12533 1
12585 1
12609 1
12653 1
12707 1
12769 2
12823 1
12848 2
12883 1
12890 1
12943 1
12960 1
12997 1
13105 1
13110 1
13123 1
13168 1
13178 1
13210 1
13240 3
13241 1
13275 2
13281 1
13424 1
13440 2
13502 1
13579 1
13600 1
13601 1
13619 1
13633 1
13669 1
13703 1
13772 1
13776 1
13788 1
13801 2
13841 1
13935 1
14089 2
14365 1
14492 1
14514 1
14528 1
14582 2
14644 1
14751 1
14867 1
14884 1
14924 1
14932 1
14969 1
14990 1
15014 1
15046 1
15047 1
15067 1
15139 2
15182 1
15192 1
15238 1
15260 1
15265 1
15332 1
15376 2
15398 2
15510 1
15609 1
15620 1
15680 1
15746 1
15788 1
15789 1
15929 2
16001 2
16022 1
16056 1
16086 1
16105 1
16247 1
16285 1
16358 1
16384 1
16386 1
16401 1
16501 1
16513 1
16748 1
16858 1
16924 1
16964 1
17074 1
17089 1
17266 1
17271 1
17337 1
17350 1
17613 1
17782 1
17784 2
17832 1
17914 1
17934 1
18016 1
18147 1
18190 1
18199 1
18250 1
18341 1
18387 1
18388 21
18468 1
18474 1
18503 1
18542 1
18597 1
18606 1
18661 1
18819 1
18841 1
18862 1
18991 1
19024 1
19295 1
19567 1
19570 1
19762 1
19911 1
19916 1
20001 1
20051 1
20149 1
20305 1
20457 1
20562 1
20688 2
20949 1
21190 1
21206 1
21321 1
21542 1
21555 1
21596 1
21614 1
21667 1
21745 1
21832 1
21977 1
22108 1
22391 2
22480 1
22681 1
22719 1
22871 1
23189 1
23450 1
23456 1
23590 1
23708 1
23966 1
24239 1
24354 1
24401 1
24422 1
24442 1
24727 1
24941 1
25456 1
25527 1
25634 1
25814 1
25877 1
25920 1
26094 1
26120 1
26344 1
26587 1
26932 1
27080 1
27412 1
27600 1
27953 1
28564 1
28777 1
28798 1
28804 1
28904 1
29046 1
29355 1
29549 1
29872 1
29949 1
30741 1
30822 1
30852 2
30868 1
31498 1
31538 1
31678 1
31725 1
32064 1
32243 1
32529 1
32536 1
32709 1
32756 1
32768 1
32769 2
32770 2
33196 1
33231 1
33547 1
33565 2
33769 1
33808 1
34068 1
34114 1
34328 1
34460 1
34652 1
34748 1
35061 1
35120 1
36968 1
37014 1
37489 1
37765 1
38073 1
38220 1
38301 1
39052 1
39350 1
39372 1
39927 1
40674 1
40691 1
41262 2
43176 1
43486 1
43600 1
44269 1
44328 1
44860 1
45690 1
45714 1
46001 1
46500 1
46583 1
48583 1
48694 2
49042 1
49496 1
49742 1
51142 1
51593 1
51603 2
51698 1
52281 1
53346 1
53706 1
53999 1
55299 1
55892 1
56133 1
56962 2
57644 1
58634 1
59193 1
59499 1
59517 1
60201 1
60403 1
60698 1
60822 1
60894 1
61368 1
61912 1
62734 2
62880 1
63154 1
63398 1
63671 1
65536 1
65538 1
67200 1
68079 1
68690 1
68832 1
69611 1
71384 1
73120 1
73558 1
74235 1
74270 1
74543 1
74970 1
77356 1
80754 1
80781 1
82700 1
83136 1
83644 1
84740 1
85321 1
87030 1
88062 1
91243 1
91339 1
91978 1
99781 1
100182 1
101144 1
104919 1
110668 1
123587 1
130109 1
131072 1
131074 1
131810 1
134538 1
134759 1
136350 1
140053 1
143051 1
145140 1
147190 1
148338 1
148614 1
149084 1
150159 1
154753 1
157084 1
163445 1
173318 2
178680 1
183363 2
189375 1
195361 1
201396 1
202230 1
208905 1
211302 1
216731 1
219283 1
233040 1
238290 1
242559 1
247220 1
252153 1
256898 1
259859 1
298104 1
350419 2
409320 1
427999 1
430660 1
462502 1
503533 1
506084 1
658552 1
684528 1
860956 1
861694 1
1189485 1
1370327 1
1437431 1
1590032 1
2436231 1
33637488 1
