0 16687330926
1 70937666
2 40403405
3 12645916
4 4006256
5 2465018
6 1786265
7 1266837
8 1067292
9 828507
10 704142
11 583401
12 501690
13 486648
14 397023
15 338258
16 346866
17 290463
18 266833
19 218345
20 202155
21 180855
22 190050
23 158007
24 138559
25 118194
26 113775
27 99394
28 113806
29 99936
30 103253
31 93908
32 89123
33 80305
34 92169
35 70744
36 89507
37 56953
38 60902
39 63316
40 59694
41 45262
42 46203
43 45984
44 54115
45 48509
46 55328
47 40852
48 39534
49 38187
50 35061
51 28789
52 29599
53 28520
54 29800
55 27670
56 26287
57 29462
58 31739
59 71219
60 24122
61 28367
62 37758
63 43556
64 23623
65 24079
66 24369
67 25823
68 24886
69 30474
70 27663
71 23782
72 16388
73 23715
74 22283
75 18923
76 20222
77 22729
78 26816
79 25901
80 15453
81 10541
82 12549
83 13639
84 11022
85 9453
86 11018
87 9047
88 8996
89 8897
90 9718
91 10065
92 9921
93 11074
94 9172
95 9462
96 9330
97 9511
98 7543
99 8538
100 8337
101 7315
102 7112
103 7681
104 7001
105 7135
106 6486
107 7110
108 5797
109 5527
110 6830
111 6468
112 5959
113 6252
114 6743
115 7660
116 6402
117 5510
118 5394
119 5180
120 5455
121 5769
122 5268
123 5232
124 4705
125 6687
126 9112
127 4944
128 4638
129 4408
130 5865
131 5917
132 4089
133 4925
134 4293
135 4642
136 4587
137 5910
138 4588
139 4495
140 4625
141 5370
142 3831
143 3957
144 4108
145 3742
146 4739
147 4512
148 3418
149 4455
150 3661
151 3923
152 3052
153 5587
154 3263
155 4739
156 3323
157 3387
158 3073
159 3826
160 2770
161 4008
162 3568
163 3155
164 4784
165 3486
166 4256
167 3955
168 2676
169 4276
170 2791
171 2640
172 3408
173 3356
174 2474
175 2844
176 2912
177 2547
178 3793
179 2408
180 3382
181 2288
182 2766
183 2710
184 2205
185 2480
186 2316
187 2516
188 2718
189 2427
190 2589
191 2016
192 2442
193 2131
194 2277
195 2067
196 2361
197 2061
198 2297
199 2307
200 2633
201 1925
202 2874
203 2369
204 5271
205 2994
206 1803
207 2245
208 1945
209 2035
210 2757
211 1719
212 2201
213 1830
214 1781
215 2111
216 1781
217 1548
218 1565
219 1598
220 2102
221 2189
222 2159
223 1839
224 2020
225 1564
226 1427
227 1740
228 1592
229 2072
230 1464
231 1397
232 1501
233 1766
234 1532
235 1589
236 1320
237 1729
238 1696
239 1397
240 1347
241 1894
242 1696
243 1480
244 1434
245 1439
246 1658
247 1591
248 1892
249 1348
250 1438
251 1539
252 1892
253 1366
254 2007
255 1205
256 1730
257 1237
258 2393
259 1388
260 1285
261 1303
262 1412
263 1312
264 1368
265 1280
266 1063
267 1233
268 1324
269 1406
270 1080
271 1092
272 887
273 1317
274 1250
275 960
276 1045
277 1015
278 1150
279 1071
280 1084
281 1199
282 996
283 1244
284 999
285 1068
286 1028
287 1262
288 1542
289 958
290 7942
291 1465
292 905
293 1214
294 992
295 1080
296 869
297 1290
298 914
299 1092
300 978
301 873
302 845
303 954
304 1178
305 1050
306 1067
307 901
308 1154
309 886
310 871
311 1024
312 939
313 1023
314 873
315 760
316 851
317 1026
318 758
319 1274
320 869
321 760
322 984
323 959
324 1024
325 815
326 1511
327 849
328 1879
329 732
330 1087
331 1343
332 960
333 1009
334 740
335 1096
336 791
337 758
338 783
339 842
340 640
341 956
342 666
343 667
344 684
345 619
346 737
347 784
348 726
349 727
350 655
351 755
352 681
353 725
354 674
355 734
356 723
357 770
358 614
359 753
360 1565
361 690
362 551
363 657
364 735
365 668
366 595
367 845
368 991
369 586
370 840
371 616
372 1215
373 769
374 846
375 853
376 776
377 628
378 540
379 644
380 826
381 851
382 582
383 612
384 661
385 1555
386 508
387 597
388 667
389 541
390 896
391 525
392 915
393 602
394 817
395 563
396 690
397 578
398 550
399 526
400 490
401 454
402 552
403 450
404 540
405 475
406 588
407 530
408 499
409 600
410 576
411 522
412 665
413 768
414 623
415 734
416 480
417 427
418 520
419 476
420 494
421 481
422 637
423 493
424 386
425 488
426 556
427 518
428 390
429 689
430 453
431 397
432 423
433 1547
434 437
435 790
436 525
437 454
438 426
439 442
440 677
441 419
442 421
443 455
444 390
445 353
446 398
447 368
448 445
449 508
450 341
451 509
452 381
453 518
454 345
455 390
456 342
457 396
458 500
459 371
460 312
461 381
462 332
463 297
464 717
465 334
466 335
467 371
468 365
469 375
470 403
471 322
472 338
473 480
474 321
475 409
476 366
477 419
478 412
479 416
480 419
481 336
482 347
483 394
484 281
485 385
486 319
487 450
488 378
489 561
490 447
491 345
492 407
493 332
494 359
495 474
496 1016
497 311
498 329
499 283
500 301
501 365
502 337
503 402
504 321
505 357
506 346
507 366
508 326
509 523
510 271
511 317
512 358
513 291
514 266
515 284
516 362
517 282
518 297
519 362
520 276
521 261
522 348
523 273
524 299
525 435
526 468
527 346
528 394
529 340
530 354
531 339
532 296
533 391
534 396
535 301
536 265
537 250
538 301
539 362
540 345
541 328
542 269
543 276
544 313
545 306
546 381
547 349
548 365
549 253
550 270
551 225
552 299
553 291
554 244
555 279
556 486
557 246
558 457
559 263
560 409
561 315
562 276
563 216
564 340
565 247
566 374
567 247
568 242
569 274
570 231
571 266
572 355
573 256
574 255
575 296
576 323
577 262
578 253
579 383
580 202
581 256
582 394
583 221
584 307
585 235
586 283
587 255
588 211
589 234
590 248
591 308
592 283
593 255
594 195
595 344
596 216
597 269
598 259
599 319
600 217
601 237
602 330
603 249
604 212
605 336
606 308
607 299
608 307
609 257
610 202
611 262
612 217
613 518
614 402
615 277
616 287
617 235
618 230
619 266
620 222
621 215
622 189
623 259
624 253
625 316
626 336
627 294
628 402
629 279
630 267
631 223
632 157
633 427
634 241
635 190
636 169
637 183
638 184
639 215
640 167
641 269
642 166
643 199
644 208
645 205
646 158
647 212
648 348
649 227
650 203
651 258
652 384
653 296
654 222
655 221
656 175
657 285
658 222
659 428
660 184
661 498
662 215
663 199
664 187
665 147
666 165
667 161
668 204
669 222
670 176
671 192
672 162
673 300
674 189
675 176
676 226
677 200
678 174
679 215
680 378
681 157
682 220
683 154
684 200
685 178
686 131
687 156
688 196
689 220
690 167
691 134
692 179
693 136
694 206
695 140
696 130
697 163
698 231
699 200
700 207
701 163
702 203
703 269
704 180
705 164
706 152
707 164
708 156
709 160
710 176
711 150
712 178
713 132
714 169
715 161
716 147
717 420
718 181
719 132
720 120
721 175
722 120
723 163
724 143
725 132
726 161
727 107
728 166
729 135
730 158
731 107
732 194
733 625
734 159
735 113
736 234
737 179
738 121
739 125
740 184
741 135
742 158
743 168
744 159
745 329
746 148
747 179
748 124
749 167
750 129
751 156
752 133
753 129
754 144
755 146
756 160
757 133
758 138
759 163
760 174
761 151
762 128
763 937
764 131
765 128
766 134
767 131
768 163
769 153
770 157
771 183
772 158
773 153
774 137
775 115
776 462
777 106
778 131
779 112
780 154
781 128
782 147
783 249
784 77
785 160
786 122
787 129
788 126
789 142
790 97
791 109
792 80
793 119
794 91
795 97
796 145
797 117
798 142
799 105
800 120
801 101
802 95
803 180
804 151
805 108
806 186
807 151
808 99
809 121
810 96
811 107
812 120
813 137
814 115
815 172
816 115
817 166
818 128
819 112
820 114
821 122
822 110
823 115
824 116
825 109
826 129
827 108
828 100
829 97
830 120
831 114
832 117
833 140
834 109
835 118
836 122
837 176
838 120
839 93
840 121
841 106
842 117
843 111
844 137
845 109
846 161
847 152
848 125
849 124
850 144
851 103
852 120
853 141
854 96
855 116
856 114
857 140
858 129
859 145
860 126
861 116
862 106
863 139
864 122
865 106
866 114
867 102
868 113
869 132
870 85
871 172
872 129
873 133
874 89
875 110
876 82
877 127
878 99
879 82
880 91
881 104
882 80
883 135
884 100
885 99
886 66
887 63
888 96
889 117
890 129
891 96
892 145
893 73
894 96
895 88
896 110
897 103
898 173
899 90
900 113
901 79
902 169
903 90
904 110
905 93
906 104
907 77
908 57
909 106
910 99
911 67
912 94
913 101
914 120
915 109
916 187
917 118
918 100
919 105
920 110
921 175
922 122
923 89
924 106
925 81
926 169
927 92
928 96
929 187
930 85
931 127
932 116
933 101
934 122
935 121
936 145
937 97
938 80
939 114
940 89
941 73
942 87
943 157
944 95
945 87
946 102
947 76
948 78
949 96
950 88
951 64
952 84
953 76
954 89
955 190
956 91
957 98
958 132
959 95
960 84
961 80
962 78
963 94
964 74
965 75
966 73
967 113
968 76
969 107
970 95
971 106
972 107
973 64
974 104
975 93
976 57
977 194
978 74
979 69
980 71
981 85
982 78
983 66
984 69
985 120
986 74
987 141
988 99
989 77
990 130
991 51
992 84
993 63
994 161
995 94
996 69
997 94
998 117
999 135
1000 73
1001 110
1002 79
1003 115
1004 93
1005 64
1006 92
1007 69
1008 100
1009 77
1010 121
1011 123
1012 115
1013 74
1014 86
1015 78
1016 113
1017 84
1018 97
1019 96
1020 198
1021 104
1022 88
1023 783
1024 93
1025 73
1026 63
1027 54
1028 62
1029 73
1030 84
1031 50
1032 76
1033 57
1034 71
1035 57
1036 80
1037 63
1038 88
1039 142
1040 67
1041 69
1042 87
1043 100
1044 63
1045 79
1046 71
1047 61
1048 71
1049 83
1050 61
1051 62
1052 116
1053 71
1054 49
1055 46
1056 96
1057 85
1058 94
1059 59
1060 61
1061 77
1062 90
1063 53
1064 75
1065 67
1066 73
1067 68
1068 94
1069 81
1070 76
1071 65
1072 85
1073 82
1074 97
1075 87
1076 78
1077 59
1078 52
1079 73
1080 101
1081 70
1082 62
1083 598
1084 86
1085 56
1086 53
1087 72
1088 85
1089 56
1090 51
1091 50
1092 71
1093 113
1094 62
1095 52
1096 48
1097 56
1098 60
1099 61
1100 146
1101 63
1102 58
1103 50
1104 209
1105 75
1106 69
1107 55
1108 63
1109 75
1110 71
1111 70
1112 80
1113 61
1114 67
1115 52
1116 132
1117 126
1118 90
1119 72
1120 76
1121 49
1122 58
1123 89
1124 64
1125 71
1126 73
1127 106
1128 59
1129 86
1130 95
1131 66
1132 62
1133 40
1134 56
1135 95
1136 83
1137 41
1138 75
1139 70
1140 94
1141 96
1142 89
1143 155
1144 51
1145 68
1146 67
1147 71
1148 73
1149 104
1150 33
1151 41
1152 301
1153 246
1154 61
1155 186
1156 53
1157 42
1158 60
1159 48
1160 45
1161 236
1162 59
1163 50
1164 43
1165 42
1166 53
1167 58
1168 48
1169 58
1170 56
1171 49
1172 95
1173 42
1174 56
1175 49
1176 48
1177 43
1178 44
1179 43
1180 34
1181 43
1182 61
1183 37
1184 65
1185 42
1186 51
1187 66
1188 57
1189 30
1190 54
1191 40
1192 69
1193 49
1194 60
1195 55
1196 50
1197 65
1198 75
1199 38
1200 46
1201 77
1202 32
1203 77
1204 26
1205 85
1206 45
1207 44
1208 45
1209 47
1210 27
1211 43
1212 28
1213 56
1214 48
1215 42
1216 22
1217 46
1218 33
1219 44
1220 43
1221 48
1222 52
1223 52
1224 57
1225 475
1226 111
1227 44
1228 67
1229 43
1230 43
1231 40
1232 40
1233 35
1234 40
1235 50
1236 94
1237 38
1238 36
1239 45
1240 46
1241 38
1242 51
1243 35
1244 31
1245 52
1246 47
1247 42
1248 48
1249 68
1250 50
1251 46
1252 50
1253 34
1254 32
1255 41
1256 80
1257 41
1258 48
1259 48
1260 69
1261 112
1262 53
1263 45
1264 41
1265 41
1266 44
1267 41
1268 49
1269 35
1270 47
1271 54
1272 53
1273 45
1274 36
1275 47
1276 45
1277 39
1278 50
1279 36
1280 42
1281 46
1282 53
1283 51
1284 204
1285 42
1286 34
1287 35
1288 38
1289 57
1290 40
1291 43
1292 43
1293 86
1294 38
1295 120
1296 64
1297 64
1298 64
1299 56
1300 48
1301 30
1302 41
1303 44
1304 69
1305 42
1306 42
1307 69
1308 46
1309 69
1310 47
1311 121
1312 60
1313 276
1314 63
1315 211
1316 488
1317 59
1318 33
1319 54
1320 71
1321 46
1322 54
1323 33
1324 45
1325 42
1326 37
1327 45
1328 48
1329 57
1330 66
1331 29
1332 48
1333 32
1334 59
1335 49
1336 66
1337 43
1338 53
1339 39
1340 58
1341 42
1342 50
1343 43
1344 36
1345 44
1346 51
1347 63
1348 77
1349 35
1350 65
1351 49
1352 43
1353 48
1354 36
1355 70
1356 36
1357 41
1358 34
1359 38
1360 30
1361 43
1362 35
1363 63
1364 48
1365 76
1366 84
1367 47
1368 41
1369 41
1370 28
1371 100
1372 32
1373 56
1374 49
1375 51
1376 36
1377 34
1378 61
1379 28
1380 42
1381 47
1382 33
1383 39
1384 35
1385 40
1386 39
1387 42
1388 28
1389 52
1390 32
1391 45
1392 37
1393 41
1394 26
1395 47
1396 28
1397 43
1398 33
1399 28
1400 46
1401 47
1402 42
1403 35
1404 51
1405 25
1406 22
1407 24
1408 35
1409 72
1410 23
1411 60
1412 35
1413 55
1414 30
1415 32
1416 35
1417 61
1418 32
1419 135
1420 32
1421 19
1422 25
1423 40
1424 45
1425 59
1426 70
1427 55
1428 34
1429 93
1430 32
1431 65
1432 46
1433 36
1434 48
1435 26
1436 31
1437 27
1438 49
1439 35
1440 39
1441 24
1442 31
1443 25
1444 38
1445 43
1446 32
1447 35
1448 44
1449 39
1450 42
1451 42
1452 39
1453 40
1454 43
1455 30
1456 38
1457 25
1458 44
1459 23
1460 20
1461 38
1462 45
1463 30
1464 36
1465 47
1466 53
1467 36
1468 39
1469 33
1470 39
1471 77
1472 31
1473 34
1474 46
1475 35
1476 65
1477 61
1478 28
1479 20
1480 26
1481 43
1482 58
1483 52
1484 42
1485 40
1486 42
1487 51
1488 46
1489 66
1490 52
1491 16
1492 42
1493 52
1494 29
1495 34
1496 21
1497 41
1498 26
1499 60
1500 37
1501 62
1502 28
1503 56
1504 24
1505 31
1506 29
1507 61
1508 44
1509 63
1510 27
1511 34
1512 42
1513 27
1514 54
1515 43
1516 46
1517 20
1518 33
1519 20
1520 35
1521 35
1522 39
1523 18
1524 24
1525 31
1526 48
1527 36
1528 38
1529 26
1530 37
1531 33
1532 24
1533 33
1534 53
1535 26
1536 56
1537 21
1538 29
1539 31
1540 35
1541 36
1542 22
1543 37
1544 38
1545 26
1546 27
1547 37
1548 27
1549 46
1550 140
1551 48
1552 38
1553 30
1554 34
1555 25
1556 28
1557 21
1558 35
1559 42
1560 24
1561 36
1562 26
1563 23
1564 22
1565 34
1566 33
1567 34
1568 47
1569 30
1570 22
1571 30
1572 26
1573 14
1574 17
1575 32
1576 20
1577 21
1578 50
1579 41
1580 36
1581 24
1582 38
1583 29
1584 33
1585 23
1586 37
1587 30
1588 31
1589 46
1590 34
1591 24
1592 29
1593 18
1594 26
1595 34
1596 22
1597 29
1598 28
1599 23
1600 47
1601 22
1602 22
1603 31
1604 30
1605 28
1606 22
1607 34
1608 29
1609 47
1610 29
1611 16
1612 29
1613 46
1614 24
1615 36
1616 18
1617 57
1618 21
1619 34
1620 17
1621 26
1622 32
1623 51
1624 35
1625 51
1626 26
1627 33
1628 45
1629 25
1630 25
1631 19
1632 39
1633 36
1634 24
1635 52
1636 23
1637 45
1638 36
1639 45
1640 34
1641 37
1642 45
1643 27
1644 20
1645 31
1646 46
1647 80
1648 64
1649 39
1650 42
1651 60
1652 56
1653 22
1654 27
1655 20
1656 32
1657 24
1658 48
1659 20
1660 22
1661 29
1662 39
1663 38
1664 75
1665 21
1666 44
1667 37
1668 19
1669 29
1670 52
1671 31
1672 21
1673 16
1674 38
1675 33
1676 36
1677 30
1678 38
1679 22
1680 32
1681 39
1682 27
1683 20
1684 32
1685 22
1686 16
1687 41
1688 19
1689 44
1690 20
1691 33
1692 25
1693 40
1694 14
1695 12
1696 13
1697 31
1698 53
1699 19
1700 20
1701 23
1702 23
1703 17
1704 21
1705 21
1706 34
1707 32
1708 22
1709 21
1710 26
1711 31
1712 25
1713 38
1714 27
1715 41
1716 20
1717 16
1718 22
1719 17
1720 16
1721 36
1722 52
1723 40
1724 22
1725 28
1726 24
1727 22
1728 18
1729 15
1730 22
1731 175
1732 28
1733 50
1734 25
1735 18
1736 33
1737 55
1738 33
1739 32
1740 29
1741 29
1742 21
1743 38
1744 22
1745 23
1746 14
1747 38
1748 35
1749 18
1750 33
1751 13
1752 24
1753 17
1754 31
1755 28
1756 20
1757 24
1758 32
1759 16
1760 45
1761 34
1762 21
1763 23
1764 36
1765 48
1766 25
1767 22
1768 19
1769 11
1770 31
1771 14
1772 17
1773 13
1774 22
1775 13
1776 11
1777 27
1778 21
1779 13
1780 23
1781 15
1782 19
1783 28
1784 20
1785 18
1786 62
1787 14
1788 26
1789 19
1790 20
1791 28
1792 26
1793 21
1794 19
1795 51
1796 17
1797 12
1798 44
1799 15
1800 16
1801 16
1802 25
1803 19
1804 30
1805 14
1806 65
1807 14
1808 20
1809 27
1810 27
1811 17
1812 29
1813 21
1814 78
1815 17
1816 22
1817 19
1818 64
1819 26
1820 22
1821 19
1822 34
1823 36
1824 47
1825 20
1826 35
1827 10
1828 30
1829 14
1830 40
1831 22
1832 11
1833 14
1834 22
1835 21
1836 28
1837 17
1838 38
1839 21
1840 63
1841 17
1842 22
1843 14
1844 19
1845 27
1846 13
1847 13
1848 10
1849 12
1850 24
1851 9
1852 14
1853 30
1854 41
1855 14
1856 19
1857 11
1858 31
1859 17
1860 36
1861 33
1862 31
1863 13
1864 32
1865 22
1866 9
1867 38
1868 87
1869 26
1870 18
1871 24
1872 12
1873 40
1874 18
1875 26
1876 30
1877 27
1878 85
1879 52
1880 54
1881 51
1882 24
1883 79
1884 20
1885 73
1886 51
1887 18
1888 12
1889 20
1890 19
1891 16
1892 11
1893 12
1894 16
1895 9
1896 20
1897 17
1898 12
1899 9
1900 19
1901 14
1902 38
1903 21
1904 33
1905 31
1906 11
1907 9
1908 15
1909 6
1910 14
1911 18
1912 12
1913 19
1914 19
1915 17
1916 17
1917 21
1918 11
1919 20
1920 17
1921 40
1922 15
1923 9
1924 9
1925 13
1926 18
1927 21
1928 28
1929 26
1930 23
1931 41
1932 16
1933 75
1934 17
1935 10
1936 11
1937 29
1938 11
1939 8
1940 32
1941 14
1942 22
1943 9
1944 12
1945 9
1946 34
1947 10
1948 22
1949 21
1950 23
1951 16
1952 10
1953 19
1954 13
1955 20
1956 20
1957 23
1958 30
1959 24
1960 9
1961 26
1962 30
1963 21
1964 28
1965 21
1966 9
1967 13
1968 22
1969 17
1970 18
1971 46
1972 14
1973 7
1974 15
1975 14
1976 12
1977 12
1978 15
1979 8
1980 14
1981 21
1982 7
1983 9
1984 23
1985 8
1986 10
1987 24
1988 22
1989 11
1990 19
1991 20
1992 13
1993 14
1994 17
1995 15
1996 19
1997 14
1998 18
1999 13
2000 26
2001 12
2002 13
2003 17
2004 13
2005 13
2006 13
2007 30
2008 24
2009 21
2010 9
2011 21
2012 29
2013 7
2014 13
2015 21
2016 17
2017 11
2018 11
2019 22
2020 50
2021 12
2022 13
2023 29
2024 21
2025 12
2026 16
2027 22
2028 22
2029 9
2030 16
2031 13
2032 12
2033 21
2034 12
2035 26
2036 9
2037 55
2038 12
2039 14
2040 32
2041 14
2042 9
2043 15
2044 13
2045 15
2046 14
2047 25
2048 10
2049 17
2050 13
2051 15
2052 41
2053 16
2054 41
2055 10
2056 14
2057 29
2058 14
2059 18
2060 29
2061 10
2062 14
2063 16
2064 58
2065 20
2066 51
2067 15
2068 60
2069 10
2070 10
2071 20
2072 17
2073 11
2074 21
2075 19
2076 12
2077 18
2078 20
2079 13
2080 17
2081 26
2082 9
2083 12
2084 23
2085 15
2086 9
2087 29
2088 15
2089 17
2090 8
2091 8
2092 16
2093 15
2094 12
2095 14
2096 14
2097 704
2098 23
2099 2877
2100 24
2101 14
2102 27
2103 16
2104 15
2105 9
2106 21
2107 13
2108 10
2109 7
2110 15
2111 13
2112 8
2113 11
2114 6
2115 6
2116 11
2117 9
2118 35
2119 29
2120 11
2121 20
2122 9
2123 13
2124 19
2125 26
2126 16
2127 26
2128 14
2129 8
2130 10
2131 27
2132 14
2133 5
2134 9
2135 5
2136 8
2137 6
2138 14
2139 12
2140 12
2141 21
2142 12
2143 18
2144 25
2145 22
2146 24
2147 13
2148 35
2149 14
2150 15
2151 5
2152 15
2153 9
2154 10
2155 20
2156 13
2157 8
2158 12
2159 10
2160 16
2161 28
2162 8
2163 21
2164 11
2165 18
2166 12
2167 4
2168 23
2169 18
2170 19
2171 13
2172 17
2173 14
2174 13
2175 16
2176 10
2177 15
2178 12
2179 33
2180 13
2181 13
2182 12
2183 10
2184 21
2185 14
2186 22
2187 11
2188 15
2189 48
2190 14
2191 8
2192 20
2193 34
2194 9
2195 8
2196 17
2197 22
2198 15
2199 30
2200 12
2201 42
2202 12
2203 6
2204 15
2205 5
2206 10
2207 111
2208 12
2209 17
2210 11
2211 9
2212 8
2213 8
2214 20
2215 13
2216 10
2217 26
2218 8
2219 8
2220 7
2221 14
2222 11
2223 19
2224 125
2225 53
2226 10
2227 9
2228 58
2229 13
2230 31
2231 11
2232 7
2233 12
2234 13
2235 11
2236 6
2237 12
2238 21
2239 10
2240 24
2241 11
2242 12
2243 34
2244 10
2245 14
2246 16
2247 16
2248 16
2249 14
2250 16
2251 22
2252 5
2253 10
2254 13
2255 10
2256 13
2257 9
2258 12
2259 11
2260 2
2261 9
2262 18
2263 13
2264 44
2265 11
2266 27
2267 9
2268 6
2269 47
2270 14
2271 35
2272 13
2273 41
2274 17
2275 35
2276 9
2277 24
2278 21
2279 13
2280 12
2281 11
2282 15
2283 23
2284 22
2285 18
2286 7
2287 16
2288 20
2289 15
2290 13
2291 15
2292 10
2293 5
2294 16
2295 12
2296 14
2297 11
2298 18
2299 8
2300 11
2301 12
2302 8
2303 18
2304 12
2305 9
2306 4
2307 20
2308 7
2309 16
2310 20
2311 13
2312 16
2313 8
2314 15
2315 24
2316 11
2317 29
2318 8
2319 30
2320 16
2321 8
2322 36
2323 8
2324 24
2325 12
2326 10
2327 18
2328 10
2329 14
2330 7
2331 7
2332 17
2333 15
2334 9
2335 16
2336 10
2337 15
2338 7
2339 19
2340 6
2341 8
2342 14
2343 10
2344 10
2345 16
2346 8
2347 16
2348 6
2349 11
2350 8
2351 13
2352 7
2353 20
2354 11
2355 23
2356 4
2357 45
2358 12
2359 10
2360 13
2361 12
2362 11
2363 10
2364 6
2365 5
2366 30
2367 8
2368 17
2369 20
2370 12
2371 17
2372 5
2373 14
2374 12
2375 16
2376 6
2377 24
2378 28
2379 9
2380 12
2381 9
2382 7
2383 11
2384 14
2385 16
2386 12
2387 10
2388 10
2389 13
2390 7
2391 17
2392 2
2393 22
2394 10
2395 10
2396 16
2397 5
2398 14
2399 9
2400 7
2401 8
2402 27
2403 9
2404 12
2405 7
2406 28
2407 16
2408 129
2409 17
2410 17
2411 23
2412 10
2413 15
2414 4
2415 9
2416 18
2417 14
2418 8
2419 14
2420 16
2421 4
2422 7
2423 4
2424 14
2425 11
2426 18
2427 16
2428 89
2429 10
2430 17
2431 17
2432 13
2433 9
2434 5
2435 19
2436 8
2437 9
2438 18
2439 10
2440 11
2441 11
2442 6
2443 9
2444 17
2445 5
2446 21
2447 13
2448 20
2449 14
2450 7
2451 18
2452 6
2453 16
2454 5
2455 16
2456 10
2457 33
2458 12
2459 10
2460 13
2461 11
2462 9
2463 22
2464 12
2465 16
2466 9
2467 14
2468 10
2469 15
2470 8
2471 24
2472 6
2473 18
2474 5
2475 10
2476 7
2477 12
2478 10
2479 9
2480 5
2481 29
2482 6
2483 11
2484 13
2485 9
2486 17
2487 11
2488 1
2489 13
2490 8
2491 7
2492 16
2493 12
2494 10
2495 12
2496 12
2497 3
2498 16
2499 8
2500 16
2501 17
2502 18
2503 14
2504 22
2505 9
2506 9
2507 11
2508 5
2509 11
2510 8
2511 9
2512 5
2513 12
2514 9
2515 23
2516 11
2517 19
2518 6
2519 11
2520 6
2521 9
2522 14
2523 20
2524 14
2525 8
2526 21
2527 9
2528 10
2529 10
2530 8
2531 11
2532 12
2533 116
2534 89
2535 49
2536 29
2537 16
2538 26
2539 14
2540 8
2541 6
2542 5
2543 7
2544 4
2545 23
2546 5
2547 33
2548 7
2549 6
2550 11
2551 5
2552 8
2553 13
2554 12
2555 10
2556 7
2557 18
2558 12
2559 2
2560 16
2561 10
2562 22
2563 7
2564 9
2565 18
2566 17
2567 13
2568 5
2569 6
2570 3
2571 7
2572 15
2573 14
2574 4
2575 7
2576 17
2577 8
2578 9
2579 8
2580 8
2581 18
2582 15
2583 20
2584 7
2585 12
2586 2
2587 14
2588 20
2589 2
2590 7
2591 18
2592 8
2593 20
2594 16
2595 16
2596 10
2597 8
2598 13
2599 8
2600 8
2601 19
2602 8
2603 6
2604 19
2605 11
2606 51
2607 6
2608 7
2609 11
2610 3
2611 18
2612 3
2613 10
2614 10
2615 17
2616 8
2617 7
2618 5
2619 6
2620 11
2621 13
2622 11
2623 7
2624 7
2625 13
2626 5
2627 13
2628 10
2629 9
2630 10
2631 3
2632 9
2633 8
2634 13
2635 7
2636 7
2637 6
2638 16
2639 10
2640 8
2641 6
2642 7
2643 14
2644 10
2645 8
2646 8
2647 9
2648 7
2649 21
2650 9
2651 13
2652 14
2653 12
2654 14
2655 14
2656 42
2657 54
2658 13
2659 11
2660 8
2661 8
2662 8
2663 8
2664 13
2665 1
2666 9
2667 8
2668 7
2669 7
2670 16
2671 10
2672 3
2673 23
2674 6
2675 18
2676 7
2677 13
2678 17
2679 2
2680 5
2681 11
2682 14
2683 15
2684 12
2685 20
2686 3
2687 12
2688 3
2689 12
2690 7
2691 7
2692 13
2693 6
2694 13
2695 6
2696 6
2697 11
2698 5
2699 11
2700 11
2701 13
2702 30
2703 9
2704 16
2705 10
2706 17
2707 7
2708 15
2709 8
2710 16
2711 3
2712 16
2713 15
2714 5
2715 7
2716 6
2717 8
2718 7
2719 9
2720 15
2721 8
2722 12
2723 7
2724 7
2725 6
2726 8
2727 19
2728 6
2729 7
2730 9
2731 16
2732 8
2733 22
2734 29
2735 24
2736 3
2737 10
2738 13
2739 9
2740 5
2741 8
2742 18
2743 28
2744 5
2745 13
2746 9
2747 14
2748 9
2749 11
2750 13
2751 8
2752 7
2753 9
2754 9
2755 4
2756 4
2757 11
2758 15
2759 30
2760 9
2761 6
2762 16
2763 18
2764 12
2765 25
2766 6
2767 35
2768 11
2769 11
2770 2
2771 9
2772 9
2773 6
2774 8
2775 13
2776 6
2777 7
2778 5
2779 9
2780 12
2781 11
2782 7
2783 7
2784 6
2785 5
2786 14
2787 5
2788 7
2789 12
2790 11
2791 15
2792 9
2793 12
2794 9
2795 18
2796 6
2797 6
2798 1
2800 8
2801 10
2802 2
2803 7
2804 4
2805 8
2806 2
2807 9
2808 4
2809 14
2810 8
2811 8
2812 16
2813 3
2814 15
2815 8
2817 11
2818 2
2819 9
2820 2
2821 5
2822 2
2823 2
2824 3
2825 5
2826 3
2827 14
2828 8
2829 6
2830 10
2831 1
2832 4
2833 12
2834 10
2835 53
2836 9
2837 52
2838 78
2839 12
2840 207
2841 160
2843 310
2844 5
2845 8
2846 6
2847 72
2848 4
2849 3
2850 11
2851 4
2852 10
2853 7
2854 3
2855 4
2856 7
2857 4
2858 4
2859 4
2860 20
2861 7
2862 2
2863 2
2864 8
2865 4
2866 3
2867 4
2868 6
2869 10
2870 8
2871 11
2872 4
2873 4
2874 31
2875 303
2876 76
2877 101
2878 103
2879 77
2880 4
2881 173
2882 6
2883 3
2884 6
2885 4
2886 11
2887 10
2888 3
2889 3
2890 4
2891 5
2892 9
2893 3
2894 4
2895 1
2896 8
2897 3
2898 10
2899 3
2900 14
2901 7
2902 8
2903 10
2904 6
2905 4
2906 7
2907 3
2908 5
2909 7
2910 6
2911 6
2912 6
2913 7
2914 12
2915 5
2916 5
2917 6
2918 6
2919 5
2920 5
2921 1
2922 14
2923 3
2924 5
2925 16
2926 7
2927 4
2928 5
2929 7
2930 5
2931 19
2932 13
2933 6
2934 5
2935 7
2936 10
2937 9
2938 4
2939 16
2940 12
2941 5
2942 6
2943 9
2944 27
2945 10
2946 29
2947 16
2948 5
2949 9
2950 23
2951 13
2952 7
2953 9
2954 13
2955 3
2956 7
2957 4
2958 3
2959 9
2960 8
2961 6
2962 14
2963 4
2964 10
2965 5
2966 5
2967 3
2968 6
2969 5
2970 7
2971 2
2972 7
2973 5
2974 8
2975 6
2976 5
2977 5
2978 11
2979 10
2980 9
2981 8
2982 7
2983 4
2984 4
2985 4
2986 13
2987 4
2988 6
2989 4
2990 5
2991 8
2992 6
2993 5
2994 5
2995 7
2996 4
2997 18
2998 5
2999 5
3000 5
3001 5
3002 4
3003 4
3004 5
3005 6
3006 5
3007 9
3008 4
3009 15
3010 2
3011 9
3012 6
3013 9
3014 3
3015 5
3016 5
3017 8
3018 7
3019 14
3020 5
3021 12
3022 6
3023 10
3024 4
3025 7
3026 5
3027 5
3028 5
3029 6
3030 9
3031 7
3032 8
3033 5
3034 15
3035 4
3036 74
3037 8
3038 17
3039 9
3041 3
3042 6
3043 3
3044 6
3045 2
3046 6
3047 5
3048 7
3049 5
3050 9
3052 7
3053 3
3054 7
3055 7
3056 7
3057 9
3058 2
3059 22
3060 5
3061 6
3062 3
3063 8
3064 2
3065 3
3066 4
3067 5
3068 3
3069 6
3070 8
3071 5
3072 3
3073 6
3074 7
3075 1
3076 3
3077 6
3078 5
3079 5
3080 3
3081 3
3082 11
3083 4
3084 4
3085 7
3086 4
3087 6
3088 18
3089 5
3090 3
3091 3
3092 8
3093 4
3094 25
3095 4
3096 7
3097 5
3098 3
3099 5
3100 5
3101 3
3102 8
3103 2
3104 6
3105 3
3106 6
3107 5
3108 13
3109 4
3110 3
3111 3
3112 6
3113 8
3114 10
3115 6
3116 15
3117 4
3118 3
3119 4
3120 4
3121 7
3122 2
3123 1
3124 23
3125 9
3126 6
3127 4
3128 5
3129 4
3130 3
3131 5
3132 8
3133 4
3134 8
3135 3
3136 9
3137 6
3138 2
3139 6
3140 5
3141 5
3142 4
3143 6
3144 4
3145 9
3146 6
3147 5
3148 8
3149 4
3150 2
3151 3
3152 3
3153 5
3154 6
3155 6
3156 3
3157 5
3158 4
3159 3
3160 2
3161 5
3162 5
3163 13
3164 2
3165 7
3166 5
3167 2
3168 10
3169 4
3170 3
3171 5
3172 4
3173 3
3174 7
3175 4
3176 4
3177 9
3178 6
3179 8
3180 13
3181 6
3182 6
3183 11
3184 2
3185 1
3186 5
3187 2
3188 2
3189 3
3190 9
3191 5
3192 7
3193 5
3194 6
3195 6
3196 5
3197 5
3198 4
3199 7
3200 7
3201 4
3202 7
3203 6
3204 3
3205 9
3206 3
3207 6
3208 3
3209 5
3210 6
3211 10
3212 6
3213 5
3214 2
3215 4
3217 3
3218 8
3219 4
3220 2
3221 4
3222 3
3223 5
3224 3
3225 3
3226 7
3227 6
3228 1
3229 8
3230 4
3231 3
3232 6
3233 5
3235 1
3236 4
3237 4
3238 4
3239 4
3240 5
3241 3
3242 8
3243 2
3244 7
3245 3
3246 5
3247 3
3248 9
3250 4
3251 6
3252 7
3253 7
3254 11
3255 6
3256 3
3257 4
3258 1
3260 2
3261 3
3262 6
3263 2
3264 6
3265 6
3266 4
3267 7
3268 1
3269 10
3270 6
3271 13
3272 5
3273 6
3274 9
3275 10
3276 6
3277 10
3278 4
3279 3
3280 4
3281 5
3282 5
3283 120
3284 8
3285 2
3286 9
3287 4
3288 4
3289 1
3290 8
3291 2
3292 10
3293 5
3294 3
3295 7
3296 3
3297 7
3298 7
3299 8
3300 4
3301 2
3302 10
3303 9
3304 9
3305 4
3306 11
3307 1
3308 4
3309 4
3310 5
3311 2
3312 1
3313 5
3314 7
3315 4
3316 4
3317 7
3318 4
3319 7
3320 9
3321 3
3322 4
3323 6
3324 7
3325 5
3326 11
3327 4
3328 5
3329 7
3330 23
3331 12
3332 7
3333 5
3334 5
3335 55
3336 5
3337 46
3338 2
3339 6
3340 7
3341 5
3342 16
3343 10
3344 25
3345 2
3346 3
3347 6
3348 7
3349 10
3350 2
3351 5
3352 16
3353 16
3354 5
3355 9
3356 6
3357 3
3358 6
3359 15
3360 4
3361 5
3362 10
3363 7
3364 4
3365 9
3366 4
3367 122
3368 6
3369 7
3370 3
3371 4
3372 3
3373 10
3374 9
3375 4
3376 19
3378 2
3379 9
3380 4
3381 5
3382 3
3383 11
3384 5
3385 5
3386 6
3387 5
3388 6
3389 12
3390 2
3391 3
3392 7
3393 3
3394 4
3395 4
3396 5
3397 18
3398 12
3399 7
3400 17
3401 57
3402 14
3403 10
3404 4
3405 5
3406 9
3407 6
3408 5
3409 3
3410 6
3411 8
3412 4
3413 8
3414 6
3415 6
3416 7
3417 3
3418 3
3419 2
3420 4
3421 2
3422 5
3423 4
3424 14
3425 12
3426 10
3427 4
3428 3
3429 9
3430 3
3431 32
3432 8
3433 7
3434 7
3435 7
3436 2
3437 6
3438 5
3439 4
3440 2
3441 6
3442 2
3443 4
3444 8
3445 4
3446 14
3448 2
3449 7
3450 3
3451 8
3452 4
3453 16
3454 7
3455 1
3456 1
3457 9
3458 6
3459 6
3460 10
3461 10
3462 8
3463 4
3464 5
3465 3
3466 7
3467 6
3468 9
3469 5
3470 1
3471 6
3472 3
3473 6
3474 4
3475 4
3476 9
3477 4
3478 1
3479 7
3480 5
3481 6
3482 5
3483 3
3484 9
3485 5
3486 5
3487 2
3488 4
3489 6
3490 8
3491 4
3492 4
3493 3
3494 2
3495 5
3496 8
3497 13
3498 7
3499 4
3500 6
3501 7
3502 3
3503 3
3504 5
3505 4
3506 6
3507 3
3508 2
3509 7
3510 3
3511 4
3512 4
3513 11
3514 6
3515 8
3516 6
3517 8
3518 5
3519 4
3520 12
3521 16
3522 8
3523 8
3524 13
3525 7
3526 5
3527 5
3528 6
3529 4
3530 3
3531 12
3532 6
3533 4
3534 7
3535 7
3536 4
3537 5
3538 2
3539 6
3540 3
3541 4
3542 4
3543 7
3544 7
3545 11
3546 3
3547 1
3548 7
3549 7
3550 7
3551 9
3552 5
3553 2
3554 4
3555 1
3556 7
3557 5
3558 10
3559 5
3560 208
3561 1
3562 593
3563 3
3564 7
3565 4
3566 23
3567 3
3568 7
3569 3
3570 11
3571 3
3572 5
3573 7
3574 8
3575 5
3576 5
3577 1
3578 3
3579 8
3580 5
3581 6
3582 4
3583 2
3584 5
3585 7
3586 6
3587 3
3588 1
3589 6
3590 3
3591 3
3592 6
3593 8
3594 4
3595 12
3596 4
3597 7
3598 2
3599 3
3600 15
3601 1
3602 4
3603 12
3604 3
3605 4
3606 7
3607 10
3608 3
3609 3
3610 7
3611 4
3612 5
3613 5
3614 3
3615 6
3616 6
3617 15
3618 12
3619 5
3620 18
3621 3
3622 3
3623 6
3624 4
3625 4
3626 2
3627 4
3628 7
3629 5
3630 3
3631 5
3632 10
3633 1
3634 4
3635 5
3636 2
3637 3
3638 8
3639 5
3640 3
3641 1
3642 3
3643 3
3644 7
3645 8
3646 3
3647 11
3648 8
3649 6
3650 2
3651 6
3653 5
3654 2
3655 4
3656 2
3657 5
3658 4
3659 2
3660 5
3661 6
3662 6
3663 3
3664 2
3665 5
3666 1
3667 2
3668 2
3669 5
3670 4
3671 1
3672 1
3673 3
3674 4
3675 3
3676 4
3677 1
3678 6
3680 5
3681 1
3682 4
3684 5
3685 1
3686 2
3687 2
3688 4
3689 17
3690 3
3691 2
3692 8
3693 8
3694 4
3695 6
3696 2
3697 6
3698 3
3699 15
3700 3
3701 3
3702 4
3703 2
3704 4
3705 3
3706 3
3707 7
3708 1
3709 5
3710 5
3711 2
3712 4
3713 2
3714 2
3715 2
3716 1
3717 6
3718 5
3719 1
3720 3
3721 3
3722 2
3723 3
3724 2
3725 4
3726 4
3727 1
3728 2
3729 6
3730 2
3731 5
3732 5
3733 1
3735 1
3736 2
3737 6
3738 2
3739 5
3740 1
3741 5
3742 2
3743 4
3744 2
3745 4
3746 1
3747 2
3748 3
3750 3
3751 2
3752 3
3753 3
3754 4
3755 4
3756 8
3757 4
3758 1
3759 3
3760 5
3761 5
3762 3
3763 2
3764 2
3765 7
3766 4
3767 4
3768 1
3769 4
3771 2
3773 1
3774 3
3775 1
3776 4
3777 1
3778 8
3779 2
3780 3
3781 2
3782 39
3783 2
3784 19
3785 1
3786 2
3787 2
3789 1
3790 2
3791 3
3792 1
3793 4
3795 2
3796 6
3797 2
3798 1
3799 3
3800 2
3801 3
3802 1
3804 3
3805 5
3806 6
3807 6
3808 3
3810 5
3812 3
3813 3
3814 5
3815 3
3816 4
3817 2
3818 4
3819 3
3820 4
3821 8
3822 2
3823 1
3825 2
3826 4
3827 2
3829 3
3830 1
3831 1
3832 2
3833 1
3834 2
3835 8
3836 1
3838 3
3839 2
3840 2
3841 2
3843 5
3844 1
3845 3
3846 2
3847 1
3849 1
3851 2
3852 3
3853 2
3854 3
3855 4
3856 1
3857 1
3859 4
3860 1
3861 3
3862 4
3863 4
3864 1
3865 8
3866 2
3867 6
3869 2
3870 5
3872 5
3873 13
3874 2
3875 3
3876 2
3877 2
3878 4
3879 6
3880 2
3881 3
3882 2
3883 7
3884 2
3885 6
3886 4
3887 1
3888 6
3889 6
3890 6
3891 2
3892 1
3893 3
3894 5
3895 3
3896 2
3897 2
3898 3
3899 3
3900 1
3901 3
3902 2
3904 1
3905 4
3906 2
3908 4
3909 2
3910 2
3911 1
3912 2
3913 6
3914 1
3916 3
3917 3
3918 1
3919 2
3920 4
3921 1
3923 5
3924 4
3925 6
3927 4
3928 3
3929 6
3930 3
3931 1
3932 2
3933 10
3934 35
3935 5
3936 3
3937 6
3938 5
3939 2
3940 3
3941 4
3942 1
3944 5
3945 4
3946 1
3947 4
3948 1
3949 4
3950 2
3951 4
3952 3
3953 7
3954 4
3955 5
3956 1
3957 4
3958 6
3959 4
3960 3
3961 2
3962 1
3963 1
3964 3
3965 1
3966 5
3967 1
3968 4
3969 2
3970 2
3972 1
3973 3
3974 3
3975 3
3976 3
3977 3
3978 1
3979 9
3980 5
3981 7
3983 4
3984 1
3985 4
3986 3
3987 6
3988 5
3989 11
3990 6
3991 3
3992 1
3993 2
3994 5
3995 4
3996 1
3997 2
3998 1
3999 3
4000 6
4001 1
4002 5
4003 4
4004 2
4005 3
4006 5
4007 6
4008 4
4009 5
4010 2
4012 3
4013 3
4014 11
4015 2
4016 12
4017 2
4018 2
4019 6
4020 7
4021 8
4022 7
4023 8
4024 8
4025 6
4026 3
4027 3
4028 2
4029 10
4030 2
4031 6
4032 3
4033 8
4034 5
4035 3
4036 2
4037 6
4038 6
4039 3
4040 1
4041 1
4042 2
4043 2
4044 2
4045 1
4046 3
4047 1
4049 2
4051 6
4052 4
4053 2
4055 6
4057 5
4058 3
4059 9
4060 2
4061 8
4062 3
4063 1
4064 3
4065 6
4066 5
4067 2
4068 3
4069 17
4071 2
4072 3
4073 4
4075 7
4076 79
4077 5
4079 39
4080 4
4081 2
4082 3
4083 3
4086 2
4087 3
4088 4
4089 4
4090 6
4091 1
4092 3
4093 2
4094 1
4095 1
4096 1
4097 3
4098 4
4099 3
4100 2
4101 2
4102 3
4103 1
4104 3
4105 2
4106 6
4107 2
4108 3
4109 4
4110 1
4111 3
4113 2
4114 2
4115 2
4116 1
4117 3
4118 6
4119 4
4120 2
4121 2
4122 1
4123 5
4124 4
4125 3
4126 3
4127 1
4128 1
4130 2
4131 6
4132 3
4133 8
4135 1
4136 4
4137 1
4138 1
4139 4
4140 2
4141 1
4142 2
4143 3
4144 4
4145 2
4146 2
4147 5
4148 4
4149 2
4150 1
4151 6
4152 6
4153 1
4154 2
4155 3
4156 3
4157 3
4158 5
4159 1
4160 6
4161 2
4162 5
4163 3
4164 1
4165 5
4166 4
4167 5
4168 3
4169 3
4170 3
4171 2
4172 4
4173 5
4175 5
4176 6
4177 3
4178 3
4179 4
4180 3
4181 2
4182 3
4183 4
4184 2
4185 5
4186 4
4187 3
4188 4
4189 5
4190 3
4191 5
4192 3
4193 6
4194 1
4195 4
4196 9
4197 1
4198 6
4199 7
4200 2
4201 1
4202 1
4203 6
4205 6
4206 3
4207 8
4208 1
4209 2
4210 1
4211 5
4212 1
4213 12
4214 3
4215 3
4217 1
4218 1
4219 2
4220 2
4221 2
4222 2
4223 1
4224 4
4225 7
4226 2
4227 3
4228 3
4229 12
4230 3
4231 2
4232 4
4233 5
4234 3
4236 4
4237 2
4238 2
4239 2
4240 3
4241 1
4242 1
4244 2
4245 3
4246 5
4247 3
4248 4
4249 4
4250 1
4251 2
4252 3
4253 2
4254 7
4255 4
4256 8
4257 4
4258 1
4259 3
4260 1
4261 3
4262 3
4263 7
4264 3
4265 1
4266 8
4267 3
4268 1
4269 1
4270 3
4271 2
4274 2
4275 7
4276 2
4277 2
4279 6
4280 1
4281 2
4282 3
4283 4
4284 9
4285 1
4286 2
4287 13
4288 3
4289 2
4291 3
4292 1
4295 2
4296 1
4297 1
4298 4
4299 5
4300 1
4302 2
4303 1
4304 1
4305 1
4306 4
4307 3
4308 3
4309 1
4310 3
4311 1
4312 1
4313 3
4314 3
4315 2
4316 2
4317 3
4318 2
4319 1
4320 2
4321 3
4322 2
4323 1
4324 1
4326 2
4327 9
4328 5
4329 6
4330 4
4331 3
4332 1
4334 4
4336 2
4337 8
4338 2
4339 2
4341 4
4343 2
4344 6
4345 4
4346 3
4347 4
4348 3
4349 3
4350 4
4351 2
4352 3
4353 2
4354 23
4355 1
4356 7
4357 9
4358 3
4360 2
4361 3
4362 2
4363 2
4364 1
4365 1
4366 2
4367 2
4368 1
4369 2
4370 2
4372 1
4373 1
4375 1
4376 2
4377 3
4378 2
4379 5
4380 1
4381 2
4382 1
4383 1
4385 2
4386 1
4388 1
4389 3
4390 1
4391 1
4392 1
4393 3
4394 1
4396 1
4397 5
4398 11
4399 1
4400 1
4401 1
4402 3
4403 1
4406 1
4410 4
4411 3
4412 1
4413 1
4414 2
4415 4
4417 1
4418 1
4419 1
4420 2
4421 3
4422 1
4423 1
4424 1
4426 2
4428 2
4430 1
4431 1
4432 3
4433 2
4434 4
4435 1
4437 2
4438 1
4439 2
4440 7
4441 2
4442 2
4443 4
4444 1
4446 1
4447 4
4449 2
4450 2
4451 2
4453 2
4457 1
4459 1
4462 1
4464 3
4466 2
4467 2
4468 1
4469 2
4470 2
4471 3
4473 1
4475 1
4476 2
4477 3
4481 2
4484 2
4485 1
4486 3
4487 2
4488 3
4489 2
4492 2
4493 5
4495 1
4497 5
4499 4
4503 2
4506 1
4507 3
4508 2
4509 2
4510 1
4512 1
4513 1
4515 2
4516 1
4517 1
4519 2
4520 3
4521 6
4522 2
4523 4
4525 1
4526 3
4527 1
4528 1
4529 3
4530 2
4531 4
4532 3
4533 1
4534 3
4536 2
4537 8
4538 3
4539 2
4540 3
4541 5
4542 1
4544 2
4546 2
4548 6
4549 2
4550 4
4551 5
4553 2
4554 5
4555 3
4556 7
4557 4
4558 4
4559 1
4560 6
4561 1
4562 3
4564 2
4565 3
4566 7
4567 31
4569 2
4570 17
4572 1
4573 3
4574 4
4575 2
4577 1
4579 1
4580 1
4581 5
4582 2
4583 3
4585 1
4587 1
4588 2
4589 3
4592 1
4594 3
4595 3
4596 4
4598 1
4599 4
4600 6
4601 1
4602 1
4603 2
4604 5
4605 4
4606 1
4608 1
4609 2
4610 1
4611 1
4612 1
4613 2
4614 1
4616 3
4617 2
4618 2
4621 3
4622 1
4623 4
4624 1
4625 3
4626 2
4627 2
4629 3
4630 2
4631 1
4632 2
4633 1
4634 1
4635 2
4636 3
4637 3
4639 5
4641 3
4642 4
4643 2
4644 2
4645 2
4646 4
4648 1
4649 1
4650 3
4651 1
4652 2
4653 5
4654 2
4655 3
4656 5
4658 2
4659 5
4660 5
4661 1
4662 2
4663 1
4664 2
4665 2
4667 2
4668 1
4669 8
4670 1
4671 3
4672 1
4673 5
4674 1
4676 1
4677 4
4678 5
4679 1
4680 5
4681 1
4682 1
4683 3
4684 8
4685 2
4686 1
4687 1
4688 2
4689 4
4690 1
4691 5
4692 7
4693 1
4694 1
4696 3
4698 3
4699 5
4700 9
4702 5
4703 1
4705 2
4706 7
4707 2
4708 3
4709 1
4710 4
4711 1
4713 3
4714 1
4716 1
4717 27
4719 1
4720 3
4721 1
4722 1
4723 14
4724 3
4725 135
4726 2
4727 3
4728 2
4729 9
4730 1
4731 2
4732 1
4733 3
4734 6
4735 2
4736 2
4737 3
4739 1
4740 1
4741 2
4742 2
4743 1
4744 4
4745 1
4746 3
4747 1
4751 1
4752 2
4753 1
4754 2
4755 1
4758 2
4759 2
4760 1
4761 1
4763 1
4764 1
4765 1
4766 1
4767 2
4768 3
4769 2
4772 3
4774 3
4775 2
4777 4
4778 2
4781 1
4782 2
4783 2
4784 2
4785 3
4786 3
4787 2
4789 1
4790 2
4792 3
4793 1
4794 1
4795 1
4796 2
4797 1
4798 1
4799 2
4800 1
4801 1
4802 2
4803 1
4804 1
4805 1
4806 3
4807 2
4808 1
4809 2
4810 1
4811 2
4812 2
4813 2
4816 1
4817 2
4818 3
4819 4
4820 4
4821 1
4822 2
4823 1
4824 2
4825 2
4827 2
4828 1
4829 3
4831 1
4832 6
4833 1
4834 1
4836 2
4837 1
4838 2
4839 1
4841 2
4842 4
4843 2
4844 1
4845 1
4847 2
4848 2
4850 1
4851 2
4852 2
4853 2
4854 1
4855 1
4856 2
4857 2
4858 2
4859 2
4860 1
4861 5
4863 1
4864 3
4865 2
4866 1
4867 4
4868 1
4869 1
4870 1
4871 5
4873 3
4874 3
4875 5
4876 3
4877 6
4878 2
4880 3
4881 1
4882 4
4883 1
4885 1
4886 2
4888 2
4891 1
4893 1
4895 3
4898 2
4899 1
4901 4
4902 1
4903 5
4904 1
4905 1
4907 1
4909 3
4910 1
4911 1
4912 4
4913 4
4915 1
4918 1
4919 2
4920 1
4921 1
4922 2
4923 1
4924 1
4925 167
4926 2
4927 18
4928 2
4929 3
4931 23
4932 2
4933 3
4934 3
4935 1
4937 6
4938 2
4939 2
4940 1
4941 3
4943 2
4946 1
4947 1
4949 2
4950 3
4951 9
4952 1
4953 1
4954 2
4955 1
4958 4
4959 3
4960 4
4961 1
4962 1
4963 5
4964 2
4965 3
4966 2
4968 1
4969 3
4971 3
4972 2
4973 1
4974 12
4975 1
4977 1
4978 1
4979 2
4980 3
4981 1
4983 6
4984 1
4985 1
4987 1
4988 4
4989 3
4990 2
4991 1
4992 1
4993 2
4994 1
4996 4
4998 1
4999 1
5000 2
5001 2
5002 1
5003 1
5004 7
5005 1
5006 8
5008 2
5009 1
5010 7
5011 3
5012 1
5013 1
5014 3
5015 1
5016 1
5017 12
5018 4
5019 9
5020 2
5021 5
5022 1
5023 3
5024 3
5025 6
5026 1
5027 3
5028 1
5029 19
5031 11
5032 1
5033 3
5034 5
5035 2
5036 9
5037 2
5038 6
5039 5
5040 1
5041 7
5043 1
5044 1
5045 2
5049 2
5052 3
5054 1
5055 4
5057 4
5058 1
5059 4
5060 3
5061 2
5062 3
5063 4
5064 1
5065 14
5066 2
5067 1
5068 1
5070 2
5071 2
5072 1
5075 2
5076 2
5077 1
5078 1
5079 1
5080 2
5081 1
5082 2
5083 3
5085 4
5086 1
5087 1
5088 1
5089 2
5091 5
5093 2
5094 1
5095 2
5096 3
5100 1
5101 2
5102 1
5103 1
5104 2
5105 1
5106 2
5107 2
5108 1
5109 1
5110 1
5111 2
5112 1
5114 3
5115 2
5117 1
5118 1
5119 1
5122 1
5123 3
5125 1
5127 1
5128 3
5130 1
5131 1
5132 1
5133 2
5137 4
5141 1
5143 1
5144 2
5145 1
5149 3
5152 1
5153 1
5154 1
5156 1
5158 1
5159 3
5160 1
5162 1
5163 3
5164 3
5165 1
5166 1
5168 1
5170 1
5171 1
5172 1
5174 1
5175 1
5176 1
5177 3
5178 2
5179 1
5180 2
5185 2
5186 2
5188 2
5189 3
5190 3
5191 1
5193 2
5194 1
5195 2
5197 1
5199 1
5201 1
5202 3
5203 1
5204 1
5205 1
5208 1
5209 1
5210 3
5211 1
5212 4
5214 1
5215 1
5216 3
5219 1
5220 4
5221 1
5222 3
5223 1
5224 1
5226 2
5230 1
5231 1
5232 2
5233 1
5234 1
5235 3
5236 2
5237 2
5239 1
5241 2
5242 1
5244 1
5248 2
5249 1
5250 2
5252 1
5253 2
5256 2
5258 2
5259 1
5260 4
5261 1
5262 5
5263 2
5264 2
5265 2
5266 2
5267 2
5268 2
5271 6
5272 2
5273 1
5275 1
5276 1
5277 1
5278 1
5279 3
5281 3
5282 1
5283 3
5284 1
5285 1
5286 1
5287 3
5288 4
5289 1
5290 1
5291 1
5292 1
5293 1
5295 2
5296 1
5297 2
5298 1
5300 1
5301 1
5304 2
5305 3
5306 2
5307 1
5308 2
5309 1
5310 4
5311 4
5312 4
5314 1
5315 2
5316 1
5317 1
5319 3
5320 1
5321 1
5323 4
5324 1
5325 1
5326 1
5327 2
5328 1
5330 1
5335 1
5336 1
5338 1
5339 2
5340 1
5343 1
5344 1
5345 2
5347 1
5348 1
5349 1
5350 1
5351 1
5352 1
5355 2
5356 18
5357 1
5358 3
5361 1
5362 1
5363 1
5364 2
5365 30
5367 3
5368 5
5369 1
5370 2
5371 1
5372 1
5373 1
5374 3
5375 1
5376 3
5377 2
5379 1
5380 1
5382 2
5383 2
5386 2
5388 3
5390 2
5392 3
5393 1
5395 1
5396 1
5397 1
5398 1
5401 1
5402 3
5403 1
5404 1
5406 2
5407 1
5408 1
5409 1
5410 1
5412 1
5413 2
5414 1
5415 1
5416 2
5417 1
5418 1
5419 1
5422 2
5423 3
5424 1
5425 2
5426 1
5427 1
5429 1
5430 1
5431 1
5432 4
5433 1
5434 1
5435 1
5436 1
5437 2
5438 1
5439 1
5441 1
5442 2
5443 2
5444 3
5445 2
5446 2
5447 1
5448 2
5451 2
5453 2
5454 1
5456 1
5457 5
5459 1
5460 3
5461 3
5462 1
5463 1
5465 1
5466 3
5467 2
5468 2
5469 3
5470 3
5472 297
5473 3
5474 16
5475 44
5476 15
5477 1
5478 92
5479 80
5480 4
5481 2
5482 9
5483 3
5484 1
5485 26
5486 2
5487 4
5490 2
5491 3
5494 1
5495 2
5496 1
5497 2
5498 7
5499 2
5500 3
5502 3
5503 1
5504 3
5506 2
5507 1
5511 2
5513 1
5514 1
5515 1
5517 1
5518 1
5520 1
5521 1
5522 1
5523 1
5524 2
5525 2
5526 2
5527 3
5528 1
5529 1
5530 1
5531 1
5532 1
5533 3
5535 2
5536 16
5537 2
5538 1
5539 2
5540 4
5541 3
5544 1
5545 2
5546 1
5548 2
5549 1
5551 1
5552 1
5553 1
5554 1
5556 1
5557 1
5558 1
5560 1
5561 2
5563 2
5564 1
5565 1
5566 5
5569 2
5570 1
5571 2
5573 1
5574 4
5575 1
5576 2
5578 1
5579 1
5580 2
5581 3
5582 1
5583 1
5585 1
5588 1
5590 2
5591 2
5592 2
5593 1
5594 1
5595 1
5597 2
5598 3
5600 3
5601 2
5602 1
5603 2
5605 2
5606 1
5608 2
5609 1
5611 1
5612 1
5614 1
5617 1
5621 1
5623 1
5626 2
5627 2
5630 2
5633 1
5635 1
5636 2
5637 3
5638 2
5639 2
5640 1
5641 1
5642 2
5643 1
5644 1
5647 1
5649 2
5650 1
5652 1
5654 1
5655 1
5656 9
5657 20
5658 21
5659 56
5660 6
5661 5
5662 3
5663 1
5664 1
5665 1
5666 1
5667 2
5668 1
5669 2
5670 2
5671 1
5672 1
5674 1
5676 1
5677 1
5678 1
5681 1
5682 1
5683 1
5684 3
5685 1
5686 1
5687 1
5688 2
5690 2
5693 1
5694 1
5695 1
5697 2
5698 2
5699 1
5702 1
5707 1
5708 2
5709 1
5710 1
5713 1
5714 9
5715 3
5716 1
5718 1
5719 2
5720 1
5721 2
5722 2
5724 2
5726 1
5727 2
5728 1
5730 1
5731 4
5733 1
5734 2
5736 1
5738 1
5739 1
5741 2
5742 1
5745 2
5747 2
5748 1
5749 1
5750 2
5754 1
5755 1
5756 1
5759 1
5760 2
5762 1
5765 3
5767 1
5768 2
5769 3
5770 5
5772 2
5775 1
5778 2
5779 1
5780 1
5781 1
5784 3
5789 2
5791 2
5796 2
5797 2
5799 1
5800 1
5801 1
5804 2
5806 2
5807 2
5810 5
5812 1
5813 1
5815 1
5816 1
5818 2
5821 2
5824 1
5827 1
5828 1
5830 1
5831 3
5834 1
5837 2
5839 1
5841 1
5842 3
5843 1
5844 1
5847 1
5848 2
5849 2
5850 1
5852 2
5855 1
5856 4
5857 1
5858 1
5861 1
5863 1
5864 1
5865 1
5867 2
5869 1
5872 1
5873 2
5875 1
5876 3
5877 1
5878 1
5879 1
5881 1
5884 1
5885 1
5888 1
5891 3
5894 1
5895 2
5896 2
5897 2
5899 1
5900 6
5902 2
5903 2
5905 1
5906 2
5907 1
5910 3
5911 1
5912 8
5913 2
5915 1
5918 6
5919 2
5920 4
5921 1
5922 3
5927 4
5928 3
5929 3
5933 5
5935 3
5937 1
5938 2
5939 2
5940 3
5941 1
5942 2
5943 1
5944 1
5945 4
5947 1
5948 2
5949 1
5950 1
5951 2
5952 1
5953 2
5955 1
5956 1
5957 32
5958 166
5959 1
5960 1
5962 1
5963 1
5964 2
5965 1
5969 2
5971 2
5973 2
5974 2
5981 3
5985 2
5986 1
5987 1
5988 1
5989 1
5990 1
5992 1
5993 2
5996 1
5997 1
5998 2
5999 3
6005 1
6006 2
6007 1
6008 1
6010 2
6011 1
6013 1
6014 2
6016 1
6019 2
6022 1
6025 1
6026 1
6027 2
6028 1
6029 1
6031 1
6034 1
6035 3
6036 1
6038 1
6041 2
6044 1
6046 1
6048 2
6050 1
6052 2
6053 2
6054 1
6056 3
6058 1
6059 1
6060 1
6063 1
6066 2
6070 1
6071 2
6072 2
6074 1
6076 2
6077 2
6080 1
6081 1
6083 1
6084 3
6085 2
6087 2
6088 3
6090 3
6094 1
6096 1
6097 1
6099 1
6107 1
6108 2
6110 2
6112 1
6116 1
6117 1
6118 2
6119 1
6120 187
6121 1
6122 1
6123 2
6124 2
6125 124
6126 1
6129 1
6131 2
6132 1
6135 1
6136 3
6140 1
6141 1
6142 2
6146 3
6147 1
6148 4
6153 1
6154 1
6155 1
6156 1
6158 2
6159 2
6160 2
6161 2
6167 1
6170 1
6171 3
6172 2
6173 3
6174 1
6176 1
6177 1
6179 1
6182 1
6185 1
6187 2
6188 3
6191 2
6192 1
6195 2
6197 2
6200 1
6202 5
6203 1
6204 3
6206 1
6207 1
6209 1
6212 3
6213 1
6218 2
6219 1
6223 4
6225 3
6226 1
6227 2
6228 1
6229 1
6232 1
6234 3
6236 2
6237 1
6238 1
6239 4
6240 1
6241 1
6242 3
6245 1
6246 2
6247 1
6248 2
6250 1
6251 1
6252 1
6255 1
6257 1
6268 1
6269 1
6271 1
6272 2
6275 1
6279 1
6281 3
6283 2
6284 1
6285 5
6286 2
6289 6
6290 2
6291 1
6292 2
6293 4
6296 1
6297 1
6298 4
6302 1
6304 1
6308 3
6309 2
6310 8
6311 2
6313 2
6314 3
6315 2
6317 1
6318 8
6319 2
6321 1
6322 1
6324 1
6326 2
6327 2
6328 1
6329 2
6330 1
6333 2
6335 2
6336 2
6337 3
6342 1
6344 1
6350 2
6351 1
6352 2
6353 1
6354 1
6356 1
6357 1
6358 1
6359 3
6360 2
6364 2
6365 2
6367 2
6369 1
6370 3
6373 1
6374 2
6378 2
6380 1
6381 2
6382 3
6383 2
6384 1
6392 2
6393 1
6394 4
6396 1
6397 1
6399 1
6400 1
6403 2
6405 119
6406 1
6407 2
6409 1
6410 7
6411 1
6412 1
6413 1
6414 1
6416 1
6417 1
6419 1
6422 2
6423 1
6425 6
6426 4
6427 1
6428 3
6430 3
6431 3
6432 1
6436 1
6437 1
6438 2
6439 1
6441 1
6443 1
6444 1
6445 1
6446 3
6447 1
6448 1
6452 1
6457 3
6458 1
6459 1
6460 3
6462 1
6467 1
6476 2
6483 1
6484 1
6485 1
6486 1
6487 2
6488 4
6489 3
6493 2
6496 1
6497 1
6499 3
6500 2
6501 2
6502 1
6503 5
6506 1
6510 2
6512 1
6513 1
6514 1
6515 2
6517 1
6518 3
6521 2
6523 1
6525 1
6526 1
6527 1
6529 2
6530 1
6531 2
6532 4
6533 2
6534 4
6535 1
6537 1
6539 1
6540 1
6541 4
6543 2
6544 2
6545 1
6546 1
6549 2
6551 1
6553 1
6554 3
6555 1
6558 1
6563 3
6566 1
6569 2
6570 3
6572 1
6575 2
6576 1
6577 3
6578 1
6579 1
6581 1
6582 1
6583 1
6584 2
6585 2
6589 2
6591 1
6594 1
6597 2
6599 2
6601 1
6602 1
6606 3
6607 2
6608 1
6609 2
6610 2
6611 2
6612 1
6616 2
6617 2
6618 1
6619 2
6624 2
6626 4
6627 1
6630 10
6631 3
6633 1
6635 1
6637 1
6638 1
6642 1
6643 1
6644 2
6645 2
6646 1
6648 3
6649 1
6650 1
6651 1
6652 1
6654 1
6657 1
6658 2
6660 2
6665 2
6666 1
6668 1
6669 2
6670 1
6672 2
6673 5
6675 2
6677 2
6679 1
6681 2
6686 1
6687 6
6688 1
6691 3
6692 2
6693 3
6694 6
6695 1
6697 2
6698 2
6699 1
6701 2
6702 7
6707 2
6709 1
6711 1
6713 5
6716 1
6717 3
6719 1
6722 1
6724 2
6729 1
6733 1
6735 7
6737 1
6738 5
6739 9
6740 9
6741 5
6742 2
6743 2
6745 7
6746 6
6747 2
6748 2
6749 2
6750 1
6751 3
6752 4
6756 1
6758 2
6759 1
6760 1
6762 2
6763 37
6764 1
6765 1
6768 1
6769 5
6770 4
6771 1
6773 13
6775 2
6777 5
6778 1
6782 3
6783 36
6787 1
6792 1
6793 1
6796 2
6797 1
6798 1
6799 1
6801 1
6802 1
6804 2
6806 1
6807 1
6808 1
6809 2
6811 1
6813 3
6814 1
6816 1
6818 2
6821 1
6824 1
6827 2
6829 1
6830 2
6833 6
6837 2
6839 5
6842 1
6843 1
6845 1
6846 1
6849 1
6850 1
6851 2
6852 2
6853 1
6854 1
6857 2
6859 2
6860 1
6863 3
6864 1
6868 1
6870 1
6871 2
6872 1
6874 1
6876 1
6877 3
6880 3
6884 1
6885 1
6889 1
6891 2
6892 2
6893 4
6895 3
6896 2
6897 1
6898 2
6899 2
6900 2
6905 2
6906 1
6908 3
6909 3
6916 2
6918 1
6923 1
6928 1
6930 1
6932 1
6934 2
6940 1
6942 3
6943 2
6944 1
6947 1
6950 2
6951 2
6955 1
6956 1
6957 1
6959 2
6960 1
6961 1
6962 2
6963 2
6965 1
6966 2
6969 1
6970 1
6973 1
6975 3
6976 2
6978 1
6979 1
6981 1
6982 6
6983 1
6984 3
6985 8
6986 2
6987 2
6989 4
6991 2
6992 23
6993 1
6994 1
6995 1
6997 9
6998 3
7000 1
7001 3
7002 3
7004 6
7005 1
7006 1
7007 1
7008 2
7013 1
7016 1
7017 1
7018 1
7020 1
7021 2
7027 1
7030 1
7035 2
7036 1
7041 1
7042 1
7043 3
7044 2
7046 1
7050 1
7051 2
7052 1
7053 1
7055 1
7056 6
7057 2
7058 1
7059 1
7060 1
7062 3
7064 3
7065 1
7066 1
7067 1
7069 1
7071 1
7072 1
7073 1
7076 1
7077 2
7078 1
7084 1
7088 3
7092 2
7094 1
7102 2
7103 1
7106 2
7109 1
7111 1
7112 1
7114 1
7116 2
7119 1
7120 2
7121 2
7122 1
7124 2
7126 1
7128 3
7133 1
7136 1
7137 1
7139 1
7142 2
7146 2
7147 1
7150 1
7154 1
7155 2
7163 7
7166 1
7167 1
7168 1
7169 1
7171 2
7177 1
7178 3
7180 1
7182 1
7185 2
7186 2
7189 1
7190 1
7192 1
7193 2
7198 2
7201 87
7206 1
7209 1
7210 1
7212 1
7214 1
7215 2
7216 2
7217 3
7219 1
7225 4
7227 1
7231 1
7234 2
7235 1
7237 1
7239 1
7242 3
7245 1
7246 1
7248 1
7249 2
7250 3
7251 1
7255 1
7258 3
7264 1
7265 1
7267 1
7271 1
7274 1
7282 1
7283 3
7284 2
7287 1
7288 1
7289 1
7291 1
7293 1
7296 2
7306 2
7307 1
7310 3
7312 2
7315 1
7323 1
7325 1
7326 1
7328 1
7329 1
7330 1
7333 8
7334 1
7336 6
7337 1
7338 1
7339 3
7342 1
7346 1
7348 1
7349 1
7350 2
7352 1
7357 1
7361 2
7362 3
7364 1
7367 3
7369 1
7370 1
7371 1
7372 1
7375 1
7379 2
7383 1
7391 2
7402 1
7410 18
7412 3
7414 3
7416 2
7420 1
7422 2
7429 1
7432 1
7437 1
7440 1
7445 1
7447 1
7448 1
7449 1
7458 2
7461 2
7462 1
7464 4
7466 1
7467 1
7468 1
7474 1
7475 2
7477 1
7478 1
7479 1
7482 1
7483 1
7492 1
7493 1
7498 1
7499 1
7501 1
7504 1
7507 2
7509 1
7512 1
7516 2
7526 1
7529 1
7530 1
7535 2
7540 1
7542 1
7543 1
7548 1
7549 3
7551 2
7553 2
7556 1
7558 1
7560 1
7564 3
7566 1
7569 3
7571 1
7573 1
7579 1
7581 1
7585 1
7586 1
7589 3
7595 2
7598 2
7599 1
7600 2
7604 3
7605 1
7606 1
7607 4
7608 1
7609 5
7610 2
7612 4
7613 5
7617 4
7623 2
7626 1
7627 1
7632 1
7637 1
7640 1
7641 1
7644 1
7645 1
7649 1
7652 2
7659 1
7661 1
7667 2
7672 1
7674 1
7675 1
7680 1
7683 1
7690 2
7695 2
7696 1
7699 1
7701 1
7711 1
7712 1
7714 1
7715 1
7717 1
7719 6
7720 1
7721 1
7722 1
7723 6
7724 2
7725 3
7727 6
7728 4
7729 2
7732 3
7734 1
7740 1
7760 17
7761 1
7764 1
7773 1
7780 2
7786 1
7788 1
7789 1
7798 1
7799 71
7801 1
7802 2
7803 2
7804 4
7809 1
7810 2
7812 1
7814 1
7821 1
7823 1
7824 1
7826 1
7827 1
7829 1
7831 1
7832 4
7833 2
7838 1
7844 1
7848 2
7850 2
7858 1
7861 1
7862 1
7864 1
7868 1
7873 1
7894 7
7901 1
7904 1
7906 2
7911 1
7912 1
7913 1
7915 2
7916 1
7918 1
7920 1
7923 1
7924 1
7925 1
7927 2
7928 1
7934 1
7946 1
7953 1
7956 1
7957 1
7964 1
7972 2
7976 1
7984 1
7986 2
7995 2
7996 1
7998 4
8000 1
8002 1
8023 1
8046 1
8047 1
8048 1
8050 1
8051 2
8053 1
8056 1
8064 1
8067 1
8068 1
8072 1
8074 1
8075 1
8076 1
8077 1
8078 1
8079 1
8080 1
8085 1
8090 1
8093 14
8095 3
8102 1
8104 1
8105 1
8107 1
8115 1
8117 1
8119 1
8120 1
8121 1
8127 1
8146 1
8159 1
8163 1
8166 2
8168 1
8170 1
8179 1
8192 1
8195 1
8198 1
8211 1
8215 1
8233 1
8235 1
8243 1
8247 1
8252 1
8254 1
8255 1
8262 1
8263 16
8264 1
8265 1
8279 1
8281 1
8288 1
8293 1
8304 1
8307 1
8319 1
8320 1
8324 2
8328 1
8335 2
8343 2
8347 2
8353 2
8365 1
8380 1
8384 1
8395 1
8402 1
8403 1
8408 1
8411 1
8419 1
8427 2
8428 1
8430 2
8431 1
8437 1
8455 1
8461 1
8463 2
8468 1
8469 1
8519 1
8520 1
8544 1
8545 1
8558 1
8560 1
8561 1
8574 1
8597 1
8601 1
8603 1
8607 1
8612 1
8613 1
8623 1
8637 1
8650 1
8656 1
8662 1
8671 1
8672 1
8676 1
8680 1
8684 1
8698 1
8702 1
8709 1
8711 1
8714 1
8717 2
8721 1
8724 5
8728 1
8730 1
8733 1
8734 3
8735 1
8737 16
8746 1
8748 1
8750 1
8755 1
8759 1
8763 2
8764 1
8766 1
8767 1
8783 4
8784 1
8785 1
8786 1
8787 1
8794 1
8811 1
8815 1
8826 2
8827 1
8829 1
8847 2
8851 1
8857 1
8864 1
8868 1
8871 1
8883 1
8888 1
8911 1
8915 1
8925 1
8935 1
8946 1
8948 1
8949 1
8954 1
8979 1
8993 1
9014 1
9017 2
9025 1
9052 2
9071 1
9075 1
9078 1
9080 1
9081 1
9083 1
9086 1
9087 2
9100 1
9103 1
9112 1
9115 1
9148 1
9163 1
9174 2
9175 1
9180 1
9189 1
9192 1
9214 1
9242 1
9254 2
9262 1
9265 1
9277 1
9282 1
9299 2
9304 1
9311 3
9321 1
9322 1
9325 1
9327 1
9329 1
9331 1
9338 1
9346 1
9348 1
9356 1
9357 1
9359 1
9371 2
9374 1
9376 1
9389 2
9390 1
9394 1
9405 1
9413 1
9415 1
9424 1
9427 1
9428 1
9432 1
9436 1
9437 1
9443 1
9445 1
9450 1
9455 1
9457 4
9478 1
9489 4
9490 2
9514 1
9533 1
9539 1
9540 1
9547 1
9554 1
9567 1
9570 1
9573 1
9581 2
9625 1
9628 1
9635 1
9638 1
9642 1
9647 1
9648 1
9650 1
9654 1
9670 2
9671 1
9673 1
9676 2
9684 1
9690 2
9692 1
9700 1
9706 2
9708 1
9713 1
9730 1
9742 1
9745 1
9760 1
9765 1
9781 1
9786 1
9795 1
9796 1
9814 1
9816 1
9830 1
9857 1
9877 1
9880 1
9885 1
9887 1
9935 1
9941 1
9943 1
9944 1
9946 1
9954 1
9955 2
9959 1
9963 1
9965 1
9967 1
9969 1
9971 2
9973 1
9975 1
9977 2
9985 1
9999 1
10004 1
10005 1
10006 1
10015 2
10025 1
10026 1
10038 1
10040 1
10045 1
10056 1
10057 1
10078 1
10090 1
10093 1
10099 1
10100 1
10107 1
10109 1
10113 1
10119 1
10122 1
10131 1
10141 1
10142 1
10165 1
10168 1
10173 1
10185 1
10190 1
10204 1
10213 1
10215 1
10233 1
10236 1
10265 2
10266 1
10272 1
10286 1
10293 1
10301 1
10316 1
10335 1
10346 1
10349 1
10359 1
10377 1
10386 1
10389 1
10467 2
10470 1
10475 1
10476 1
10491 1
10517 2
10538 23
10540 2
10541 52
10544 1
10588 1
10606 1
10615 1
10622 1
10631 1
10651 1
10657 1
10689 1
10694 1
10712 1
10713 1
10728 1
10744 1
10745 1
10746 1
10770 1
10779 1
10791 1
10802 2
10808 1
10830 1
10843 1
10874 1
10881 1
10891 1
10912 1
10920 2
10924 1
10927 1
10944 1
10948 1
10950 1
10969 1
10987 1
10993 1
11007 1
11017 1
11022 1
11038 1
11040 1
11053 1
11055 1
11059 1
11061 1
11124 1
11154 1
11168 1
11176 1
11180 2
11192 1
11196 1
11218 1
11233 1
11254 1
11303 1
11305 1
11311 2
11315 1
11326 1
11342 1
11346 1
11365 1
11370 1
11371 1
11409 1
11417 1
11436 3
11441 2
11449 1
11452 1
11458 1
11494 1
11509 2
11513 1
11545 1
11549 1
11559 1
11562 1
11566 1
11568 1
11574 1
11576 1
11579 2
11593 1
11606 2
11609 1
11644 1
11667 1
11672 1
11690 1
11710 2
11721 1
11748 1
11758 2
11801 1
11805 1
11842 1
11850 1
11858 1
11864 1
11866 1
11879 1
11897 1
11909 2
11911 1
11918 1
11934 1
11964 1
11981 1
11983 1
11984 1
11998 1
12009 1
12010 1
12030 1
12032 1
12037 1
12039 1
12041 1
12043 1
12052 2
12066 1
12069 1
12074 1
12097 1
12126 1
12128 2
12151 1
12152 2
12153 1
12186 1
12239 1
12242 1
12249 1
12252 1
12253 1
12285 1
12290 1
12297 1
12299 1
12309 1
12333 1
12338 1
12342 1
12351 1
12357 1
12370 1
12377 1
12426 1
12428 1
12433 1
12450 1
12458 1
12461 1
12469 1
12471 1
12474 1
12482 1
12489 3
12491 2
12498 1
12500 1
12528 1
12533 1
12546 1
12555 2
12568 1
12580 1
12582 1
12608 2
12615 1
12623 1
12635 1
12637 1
12639 1
12643 2
12645 1
12647 1
12657 1
12663 2
12666 1
12681 2
12683 1
12687 1
12690 1
12695 1
12697 1
12699 2
12705 1
12709 3
12712 1
12725 1
12732 1
12738 1
12742 1
12743 1
12744 1
12745 1
12746 2
12754 1
12758 1
12760 2
12762 3
12765 1
12769 1
12770 1
12772 1
12774 1
12784 1
12789 3
12794 1
12795 1
12797 1
12799 1
12800 2
12802 5
12810 1
12813 1
12821 1
12834 1
12837 1
12843 1
12845 1
12850 2
12860 1
12863 1
12866 1
12877 1
12884 1
12895 1
12910 1
12923 1
12936 1
12939 1
12947 1
12948 1
12952 1
12962 1
12973 1
12975 1
12982 1
13020 1
13029 1
13036 1
13061 1
13066 1
13107 1
13114 1
13159 1
13165 1
13182 1
13193 1
13217 1
13264 1
13296 1
13310 1
13313 1
13327 1
13331 1
13333 11
13334 1
13335 4
13336 2
13337 1
13338 7
13340 4
13341 1
13358 1
13378 2
13389 1
13422 1
13424 2
13425 1
13427 1
13443 1
13467 1
13469 1
13471 1
13484 1
13486 1
13546 1
13568 1
13579 1
13614 1
13635 1
13636 1
13656 1
13667 1
13673 1
13674 3
13675 1
13676 14
13678 8
13685 1
13686 4
13688 1
13693 1
13704 1
13707 1
13713 1
13732 1
13786 1
13806 1
13859 1
13950 1
13963 1
13982 1
14029 1
14053 1
14054 1
14056 1
14070 1
14082 1
14110 1
14132 1
14143 1
14150 2
14165 1
14168 1
14205 1
14216 1
14224 1
14232 1
14238 1
14273 1
14332 1
14410 1
14417 1
14478 1
14525 1
14547 1
14567 1
14570 1
14599 1
14701 1
14722 1
14760 1
14762 1
14792 1
14910 1
14937 1
14942 1
14950 1
14965 1
14983 1
14985 1
14989 1
15080 1
15085 1
15088 1
15103 1
15135 1
15182 2
15254 1
15266 1
15277 1
15309 1
15330 1
15347 1
15394 1
15418 1
15420 1
15452 1
15453 1
15457 2
15471 1
15481 1
15485 1
15499 1
15507 1
15516 1
15517 2
15539 1
15541 1
15547 2
15574 1
15575 1
15596 1
15613 1
15623 1
15642 1
15644 1
15666 1
15689 1
15696 4
15711 1
15763 1
15802 1
15824 1
15857 1
15983 1
16001 1
16009 1
16020 1
16168 1
16238 1
16248 1
16282 4
16292 1
16293 1
16300 1
16313 1
16333 1
16335 1
16413 1
16517 1
16519 1
16608 1
16634 1
16699 1
16826 1
16944 1
16952 1
17385 1
17434 1
17556 1
17569 1
17705 1
17726 1
17735 1
18063 1
18263 1
18538 1
18573 1
18830 2
18917 1
18922 1
18960 2
18975 1
18983 1
18985 1
19035 1
19090 2
19092 1
19094 1
20383 1
20536 1
20712 1
20718 1
20719 1
20746 1
20748 1
21286 1
21288 1
21604 1
21638 2
21650 3
21820 1
21956 1
22074 1
22400 1
22446 2
22506 1
22589 1
22603 1
22605 1
22612 1
22618 1
22662 1
22738 1
22767 3
22807 1
22824 1
22880 1
23248 1
23251 1
23260 1
23294 1
23383 1
23390 1
23418 1
23467 1
23484 1
23553 1
24895 1
26950 1
32077 1
36557 1
