0 13778295412
1 2832231879
2 170654406
3 27776246
4 10013875
5 4410384
6 2888539
7 1523512
8 877104
9 634267
10 411423
11 266019
12 257943
13 159010
14 138241
15 107639
16 81528
17 60963
18 65048
19 48294
20 42752
21 33795
22 33599
23 26181
24 26376
25 21227
26 19062
27 18977
28 19990
29 15721
30 14113
31 10996
32 13668
33 10944
34 9606
35 8671
36 8600
37 7492
38 7405
39 7781
40 6379
41 6589
42 6017
43 5355
44 7545
45 20806
46 4595
47 4135
48 4263
49 4465
50 5818
51 6983
52 5582
53 4572
54 3080
55 2923
56 2981
57 2698
58 2721
59 2478
60 2481
61 2299
62 2314
63 2097
64 2268
65 2100
66 2098
67 1956
68 1996
69 1807
70 1861
71 1858
72 1713
73 1596
74 1563
75 1428
76 1581
77 1387
78 1383
79 1277
80 1342
81 1297
82 1322
83 1183
84 1192
85 1139
86 1094
87 1022
88 1050
89 1118
90 1043
91 1015
92 1027
93 951
94 984
95 846
96 899
97 826
98 805
99 872
100 823
101 831
102 780
103 736
104 736
105 798
106 723
107 719
108 709
109 687
110 675
111 638
112 646
113 607
114 676
115 642
116 655
117 603
118 586
119 568
120 631
121 534
122 517
123 502
124 540
125 511
126 530
127 439
128 517
129 477
130 491
131 481
132 531
133 471
134 448
135 512
136 466
137 471
138 434
139 428
140 434
141 390
142 419
143 385
144 415
145 453
146 390
147 365
148 345
149 381
150 380
151 377
152 337
153 359
154 356
155 327
156 320
157 356
158 380
159 325
160 348
161 316
162 352
163 262
164 310
165 272
166 315
167 295
168 299
169 310
170 270
171 241
172 287
173 264
174 288
175 238
176 243
177 244
178 268
179 229
180 309
181 228
182 266
183 227
184 248
185 239
186 265
187 224
188 225
189 222
190 251
191 207
192 258
193 243
194 228
195 231
196 210
197 226
198 212
199 238
200 193
201 233
202 209
203 199
204 190
205 213
206 188
207 153
208 185
209 188
210 200
211 228
212 200
213 162
214 206
215 180
216 174
217 187
218 197
219 178
220 175
221 187
222 166
223 188
224 220
225 166
226 139
227 144
228 179
229 197
230 172
231 178
232 137
233 149
234 146
235 1000
236 304
237 157
238 168
239 147
240 178
241 157
242 167
243 136
244 158
245 109
246 151
247 140
248 156
249 151
250 152
251 129
252 150
253 134
254 162
255 131
256 140
257 172
258 144
259 143
260 163
261 130
262 142
263 133
264 130
265 153
266 123
267 145
268 118
269 130
270 136
271 137
272 159
273 115
274 109
275 117
276 125
277 104
278 140
279 98
280 104
281 123
282 131
283 113
284 113
285 114
286 125
287 113
288 162
289 145
290 105
291 109
292 120
293 103
294 117
295 135
296 112
297 94
298 107
299 118
300 128
301 92
302 106
303 122
304 103
305 90
306 120
307 106
308 96
309 91
310 113
311 112
312 106
313 107
314 96
315 102
316 127
317 120
318 118
319 114
320 123
321 115
322 119
323 116
324 105
325 116
326 102
327 101
328 95
329 96
330 103
331 98
332 100
333 84
334 92
335 92
336 95
337 86
338 105
339 85
340 85
341 68
342 118
343 92
344 95
345 99
346 85
347 70
348 88
349 90
350 78
351 87
352 84
353 78
354 88
355 82
356 78
357 93
358 74
359 99
360 59
361 62
362 75
363 63
364 60
365 89
366 71
367 68
368 98
369 57
370 61
371 61
372 96
373 72
374 64
375 86
376 83
377 88
378 60
379 60
380 80
381 61
382 61
383 77
384 76
385 62
386 78
387 76
388 77
389 78
390 64
391 69
392 64
393 56
394 64
395 67
396 68
397 67
398 63
399 57
400 84
401 71
402 49
403 71
404 70
405 79
406 60
407 58
408 58
409 68
410 68
411 58
412 59
413 72
414 77
415 58
416 44
417 60
418 62
419 50
420 74
421 55
422 41
423 67
424 61
425 57
426 51
427 56
428 55
429 78
430 75
431 59
432 66
433 51
434 68
435 70
436 62
437 47
438 56
439 50
440 58
441 52
442 66
443 45
444 57
445 63
446 53
447 46
448 52
449 39
450 61
451 50
452 47
453 45
454 65
455 55
456 45
457 50
458 66
459 41
460 44
461 42
462 49
463 47
464 33
465 39
466 46
467 54
468 55
469 50
470 43
471 64
472 47
473 48
474 44
475 46
476 52
477 53
478 66
479 41
480 43
481 43
482 47
483 73
484 45
485 38
486 46
487 39
488 45
489 39
490 50
491 54
492 44
493 54
494 55
495 57
496 49
497 39
498 39
499 38
500 40
501 38
502 41
503 38
504 38
505 42
506 43
507 39
508 43
509 54
510 29
511 36
512 24
513 51
514 37
515 40
516 33
517 49
518 34
519 45
520 35
521 34
522 41
523 37
524 40
525 46
526 34
527 53
528 43
529 33
530 33
531 43
532 31
533 30
534 27
535 41
536 47
537 31
538 33
539 31
540 54
541 46
542 32
543 32
544 44
545 41
546 34
547 44
548 40
549 36
550 35
551 33
552 38
553 41
554 26
555 28
556 33
557 37
558 32
559 29
560 33
561 43
562 30
563 34
564 30
565 39
566 32
567 36
568 26
569 40
570 41
571 34
572 30
573 27
574 34
575 30
576 27
577 30
578 26
579 25
580 24
581 34
582 29
583 22
584 20
585 23
586 27
587 37
588 30
589 26
590 24
591 33
592 25
593 21
594 25
595 26
596 35
597 25
598 26
599 26
600 33
601 18
602 31
603 42
604 17
605 22
606 24
607 36
608 28
609 23
610 33
611 34
612 21
613 21
614 23
615 13
616 29
617 24
618 17
619 28
620 33
621 14
622 22
623 17
624 23
625 34
626 32
627 16
628 17
629 25
630 26
631 19
632 28
633 22
634 25
635 24
636 18
637 28
638 25
639 24
640 17
641 23
642 21
643 23
644 28
645 16
646 19
647 14
648 17
649 22
650 32
651 14
652 22
653 26
654 20
655 23
656 12
657 27
658 14
659 14
660 23
661 17
662 21
663 25
664 31
665 25
666 31
667 24
668 32
669 21
670 33
671 18
672 21
673 16
674 20
675 18
676 16
677 33
678 18
679 15
680 11
681 14
682 21
683 19
684 28
685 16
686 20
687 23
688 22
689 18
690 23
691 20
692 13
693 20
694 25
695 19
696 24
697 14
698 27
699 18
700 23
701 12
702 20
703 25
704 21
705 22
706 17
707 27
708 18
709 20
710 20
711 18
712 13
713 16
714 20
715 16
716 12
717 19
718 16
719 21
720 20
721 11
722 17
723 17
724 14
725 7
726 28
727 17
728 21
729 27
730 22
731 12
732 19
733 19
734 21
735 20
736 16
737 13
738 25
739 26
740 26
741 15
742 27
743 21
744 16
745 22
746 20
747 15
748 22
749 18
750 16
751 22
752 19
753 17
754 14
755 12
756 14
757 13
758 16
759 16
760 12
761 15
762 15
763 19
764 13
765 15
766 17
767 11
768 11
769 10
770 18
771 15
772 12
773 9
774 14
775 15
776 10
777 13
778 6
779 8
780 14
781 8
782 13
783 19
784 32
785 14
786 14
787 16
788 13
789 12
790 17
791 21
792 11
793 21
794 16
795 14
796 14
797 11
798 16
799 12
800 14
801 11
802 8
803 10
804 7
805 15
806 12
807 18
808 20
809 9
810 29
811 17
812 22
813 16
814 10
815 7
816 7
817 13
818 14
819 21
820 15
821 21
822 13
823 10
824 14
825 18
826 13
827 12
828 13
829 15
830 9
831 18
832 9
833 11
834 12
835 17
836 17
837 18
838 14
839 15
840 15
841 10
842 11
843 11
844 10
845 23
846 18
847 8
848 14
849 12
850 16
851 19
852 10
853 16
854 9
855 6
856 6
857 9
858 17
859 19
860 20
861 13
862 13
863 8
864 12
865 13
866 8
867 15
868 12
869 16
870 25
871 19
872 16
873 5
874 14
875 10
876 12
877 16
878 11
879 12
880 11
881 11
882 10
883 15
884 9
885 14
886 16
887 13
888 7
889 15
890 15
891 10
892 10
893 8
894 12
895 9
896 5
897 9
898 11
899 16
900 13
901 9
902 12
903 8
904 8
905 14
906 8
907 9
908 14
909 13
910 10
911 9
912 10
913 13
914 15
915 3
916 15
917 8
918 5
919 9
920 11
921 6
922 6
923 11
924 9
925 12
926 18
927 15
928 16
929 12
930 29
931 5
932 8
933 13
934 12
935 8
936 11
937 13
938 16
939 11
940 10
941 7
942 6
943 5
944 9
945 7
946 7
947 11
948 8
949 7
950 10
951 16
952 258
953 248
954 7
955 10
956 12
957 9
958 12
959 8
960 16
961 8
962 8
963 7
964 12
965 8
966 25
967 4
968 7
969 12
970 4
971 2
972 4
973 8
974 11
975 4
976 13
977 3
978 8
979 22
980 4
981 4
982 10
983 9
984 3
985 5
986 9
987 11
988 14
989 9
990 16
991 10
992 4
993 6
994 6
995 4
996 9
997 6
998 5
999 11
1000 21
1001 10
1002 11
1003 13
1004 15
1005 10
1006 16
1007 12
1008 6
1009 8
1010 9
1011 11
1012 4
1013 9
1014 13
1015 15
1016 8
1017 11
1018 9
1019 8
1020 16
1021 6
1022 9
1023 9
1024 12
1025 12
1026 5
1027 12
1028 8
1029 9
1030 8
1031 3
1032 5
1033 6
1034 5
1035 12
1036 6
1037 11
1038 4
1039 2
1040 9
1041 8
1042 10
1043 9
1044 5
1045 10
1046 11
1047 6
1048 8
1049 11
1050 11
1051 6
1052 3
1053 7
1054 3
1055 5
1056 4
1057 7
1058 4
1059 8
1060 6
1061 8
1062 8
1063 12
1064 8
1065 20
1066 7
1067 9
1068 5
1069 7
1070 3
1071 8
1072 8
1073 11
1074 7
1075 7
1076 7
1077 5
1078 5
1079 6
1080 11
1081 6
1082 4
1083 9
1084 7
1085 5
1086 9
1087 10
1088 7
1089 6
1090 6
1091 8
1092 5
1093 4
1094 5
1095 7
1096 6
1097 8
1098 7
1099 7
1100 5
1101 6
1102 8
1103 9
1104 3
1105 7
1106 10
1107 6
1108 12
1109 4
1110 7
1111 8
1112 5
1113 5
1114 2
1115 3
1116 7
1117 9
1118 9
1119 8
1120 10
1121 4
1122 4
1123 8
1124 3
1125 6
1126 8
1127 7
1128 1
1129 4
1130 3
1131 6
1132 6
1133 1
1134 12
1135 5
1136 3
1137 4
1138 8
1139 6
1140 5
1141 2
1142 4
1143 5
1144 3
1145 2
1146 7
1147 5
1148 5
1149 5
1150 7
1151 4
1152 9
1154 11
1155 3
1156 5
1157 3
1158 8
1159 11
1160 7
1161 6
1162 14
1163 3
1164 3
1165 1
1166 5
1167 3
1168 3
1169 8
1170 13
1171 7
1172 7
1173 10
1174 3
1175 2
1176 7
1177 4
1178 5
1179 11
1180 11
1181 16
1182 4
1183 12
1184 7
1185 9
1186 3
1187 6
1188 7
1189 6
1190 6
1191 6
1192 2
1193 8
1194 5
1195 8
1196 5
1197 6
1198 13
1199 5
1200 8
1201 1
1202 5
1203 2
1204 7
1205 4
1206 5
1207 5
1208 2
1209 2
1210 8
1211 11
1212 2
1213 8
1214 12
1215 6
1216 7
1217 8
1218 3
1219 7
1220 5
1221 5
1222 4
1223 7
1224 8
1225 9
1226 5
1227 2
1228 4
1229 7
1230 7
1231 3
1232 6
1233 2
1234 6
1235 2
1236 4
1237 6
1238 1
1239 2
1240 7
1241 11
1242 8
1243 7
1244 3
1245 13
1246 8
1247 7
1248 5
1249 7
1250 4
1251 8
1252 5
1253 5
1254 11
1255 1
1256 6
1257 3
1258 4
1259 6
1260 12
1262 6
1263 3
1264 4
1265 8
1267 10
1268 2
1269 3
1270 7
1271 2
1272 3
1273 3
1274 3
1275 5
1276 6
1277 4
1278 2
1279 3
1280 2
1281 6
1282 6
1283 6
1284 4
1285 7
1286 2
1287 6
1288 5
1289 6
1290 5
1291 4
1292 5
1293 5
1294 1
1295 4
1296 4
1297 12
1298 2
1299 1
1300 6
1301 10
1302 5
1303 6
1304 8
1305 8
1306 2
1307 3
1308 6
1309 5
1310 2
1311 8
1312 5
1313 5
1314 5
1315 8
1316 4
1317 4
1318 4
1319 6
1320 1
1321 2
1322 2
1323 3
1324 7
1326 5
1327 3
1328 2
1329 5
1330 9
1331 1
1332 6
1333 3
1334 7
1335 5
1336 2
1337 2
1338 3
1339 4
1340 6
1341 7
1342 4
1343 7
1344 8
1345 8
1346 5
1347 8
1348 5
1349 1
1350 5
1351 11
1352 4
1353 4
1354 4
1355 4
1356 3
1357 2
1359 3
1360 5
1361 3
1362 8
1363 8
1364 2
1365 5
1366 5
1367 6
1368 3
1369 3
1370 5
1371 2
1372 2
1373 2
1374 4
1375 3
1376 7
1377 4
1378 3
1379 2
1380 5
1381 4
1382 6
1383 4
1384 4
1385 2
1386 3
1387 4
1388 5
1389 6
1390 1
1391 5
1392 5
1393 10
1394 8
1395 2
1396 2
1397 6
1398 4
1399 5
1400 3
1401 4
1402 3
1403 4
1404 2
1405 4
1406 4
1407 4
1408 2
1409 1
1410 2
1411 1
1412 6
1413 7
1414 4
1415 4
1416 3
1417 3
1418 10
1419 5
1420 5
1421 1
1422 9
1423 6
1424 5
1425 7
1427 6
1429 8
1430 3
1431 8
1432 3
1433 3
1435 2
1436 3
1437 5
1438 6
1439 2
1440 3
1441 2
1442 4
1443 4
1444 4
1445 5
1446 8
1447 2
1448 3
1449 4
1450 3
1451 3
1452 3
1453 3
1454 4
1455 5
1456 2
1458 3
1459 6
1460 5
1461 8
1462 8
1463 2
1464 4
1465 1
1466 1
1467 1
1468 4
1469 4
1470 1
1471 9
1472 1
1473 5
1474 6
1475 2
1476 1
1477 4
1478 4
1479 4
1480 6
1481 3
1482 2
1483 4
1484 7
1485 2
1486 2
1487 2
1488 4
1489 7
1490 1
1491 4
1492 4
1493 4
1494 5
1495 8
1496 6
1497 5
1498 6
1499 4
1500 2
1501 7
1502 7
1504 3
1505 2
1506 4
1507 1
1508 8
1509 7
1512 2
1513 6
1514 2
1515 3
1516 1
1517 2
1518 1
1519 2
1520 4
1521 8
1522 6
1523 3
1524 12
1525 7
1526 4
1527 4
1528 4
1529 5
1530 4
1531 3
1532 5
1533 4
1534 4
1535 5
1536 2
1537 3
1538 3
1539 1
1540 4
1541 3
1542 3
1543 1
1544 1
1545 5
1546 3
1547 2
1548 7
1549 4
1550 2
1551 1
1553 3
1554 2
1555 4
1557 9
1558 2
1559 1
1560 4
1561 4
1562 5
1564 3
1566 3
1567 2
1568 4
1569 3
1570 2
1571 2
1572 5
1573 3
1574 5
1575 8
1576 2
1577 1
1578 1
1579 1
1580 3
1581 3
1582 2
1583 2
1584 5
1585 4
1586 1
1587 6
1589 4
1590 4
1591 3
1592 2
1593 2
1594 5
1595 2
1596 3
1597 4
1598 2
1599 2
1600 2
1601 2
1602 1
1603 5
1604 3
1605 2
1606 5
1607 2
1609 2
1611 5
1613 7
1614 2
1615 3
1616 4
1617 9
1618 4
1619 2
1620 7
1621 3
1622 2
1623 4
1624 2
1625 1
1626 3
1627 5
1628 2
1629 4
1630 1
1631 1
1632 1
1634 4
1635 1
1636 1
1637 1
1639 2
1640 7
1641 4
1642 4
1643 7
1644 2
1645 4
1646 3
1647 2
1648 2
1649 2
1650 5
1651 2
1652 4
1653 3
1654 3
1655 5
1656 1
1657 5
1658 3
1660 3
1661 1
1663 1
1664 3
1665 2
1666 2
1667 3
1668 7
1669 3
1670 3
1671 2
1672 2
1673 2
1674 5
1675 2
1676 3
1677 1
1678 1
1679 2
1680 2
1681 1
1682 7
1683 4
1684 6
1685 1
1686 3
1687 2
1688 6
1689 5
1690 7
1691 7
1692 3
1693 2
1694 4
1695 10
1696 1
1697 1
1698 4
1699 2
1700 5
1701 3
1702 1
1703 2
1704 4
1705 1
1706 2
1707 3
1708 3
1709 1
1710 3
1711 7
1712 1
1713 2
1714 4
1715 3
1716 2
1717 2
1718 3
1719 2
1720 4
1721 6
1722 1
1723 1
1724 7
1725 2
1726 4
1727 3
1728 2
1729 2
1730 1
1731 8
1732 4
1733 1
1734 3
1735 3
1737 3
1738 1
1739 2
1740 3
1741 1
1742 2
1743 4
1744 2
1745 4
1747 4
1748 1
1749 3
1750 3
1751 9
1753 2
1754 4
1755 2
1756 4
1757 2
1759 3
1760 6
1761 2
1762 2
1763 1
1764 1
1765 1
1766 1
1767 3
1768 1
1769 5
1770 3
1771 2
1772 1
1773 1
1775 3
1776 6
1777 9
1778 5
1779 3
1780 3
1782 4
1783 2
1784 5
1785 1
1786 2
1788 3
1789 1
1791 1
1792 2
1793 1
1794 3
1795 2
1796 1
1798 3
1799 3
1801 3
1802 2
1804 2
1805 2
1807 3
1808 2
1809 1
1810 1
1811 4
1812 3
1813 4
1815 3
1816 2
1817 3
1818 1
1822 5
1824 4
1825 1
1826 3
1827 2
1828 3
1829 4
1830 5
1831 2
1832 4
1833 2
1837 2
1838 5
1839 5
1840 5
1841 2
1842 3
1843 3
1844 3
1845 5
1846 2
1847 6
1851 4
1852 2
1853 8
1854 1
1855 5
1856 1
1857 3
1858 1
1859 4
1860 2
1861 1
1862 1
1863 1
1864 5
1865 1
1866 1
1867 2
1868 2
1870 5
1871 3
1872 4
1873 1
1874 3
1875 3
1876 3
1877 2
1878 2
1879 2
1881 6
1883 2
1884 2
1885 4
1886 1
1887 3
1888 2
1889 2
1891 1
1892 3
1893 3
1894 1
1895 2
1897 3
1898 2
1899 4
1900 3
1901 2
1902 1
1903 3
1904 4
1905 1
1906 2
1907 5
1908 1
1909 1
1910 3
1911 3
1912 4
1913 2
1914 7
1915 4
1917 4
1918 4
1919 2
1920 2
1921 4
1922 1
1924 1
1925 3
1927 3
1928 2
1929 5
1930 4
1931 4
1932 1
1933 5
1934 4
1935 4
1936 3
1939 1
1940 1
1942 3
1943 2
1944 1
1945 1
1946 1
1947 1
1948 1
1950 1
1951 4
1952 3
1953 5
1954 2
1955 1
1956 3
1957 1
1958 5
1959 1
1960 1
1961 1
1962 1
1963 2
1964 2
1965 1
1966 3
1967 7
1968 2
1969 4
1970 1
1971 1
1973 1
1974 1
1975 2
1976 2
1977 4
1978 2
1979 3
1980 4
1982 5
1983 1
1984 3
1985 1
1986 4
1987 2
1988 4
1989 1
1990 2
1991 1
1993 1
1994 1
1995 2
1996 2
1997 1
1998 2
1999 2
2000 4
2002 2
2004 2
2005 1
2008 2
2009 1
2011 2
2012 2
2015 3
2021 1
2022 1
2023 1
2024 5
2025 2
2027 1
2028 2
2029 1
2030 1
2032 4
2033 2
2034 3
2035 1
2037 4
2038 3
2040 1
2042 4
2043 3
2044 1
2045 5
2046 3
2047 2
2048 1
2050 2
2051 1
2052 2
2053 1
2055 1
2057 1
2058 2
2059 2
2060 2
2061 1
2065 1
2067 1
2068 2
2070 3
2071 3
2072 4
2073 4
2074 2
2075 2
2076 1
2077 3
2078 5
2080 1
2081 1
2082 2
2084 1
2086 4
2087 1
2088 2
2091 2
2092 3
2093 2
2096 1
2097 2
2098 2
2099 3
2100 3
2101 3
2102 1
2104 2
2106 2
2108 1
2109 1
2111 1
2112 2
2113 1
2114 2
2115 2
2116 3
2117 2
2118 2
2120 1
2123 1
2124 1
2125 1
2126 2
2127 5
2130 1
2131 1
2133 2
2134 1
2135 1
2136 3
2137 2
2138 1
2139 5
2140 1
2142 1
2143 1
2145 4
2146 1
2148 3
2150 4
2153 2
2154 1
2155 1
2156 3
2157 1
2158 4
2159 1
2162 3
2163 1
2164 3
2165 1
2166 2
2168 2
2171 4
2173 2
2174 2
2176 1
2178 1
2181 1
2187 3
2188 4
2189 2
2190 3
2192 3
2195 2
2196 3
2197 3
2198 4
2199 4
2200 5
2202 1
2204 2
2205 5
2206 1
2207 1
2208 8
2209 1
2210 3
2211 1
2212 1
2219 2
2220 4
2222 2
2224 1
2225 4
2227 2
2229 3
2231 5
2232 1
2233 5
2234 1
2235 1
2236 1
2237 1
2238 1
2240 1
2242 1
2243 1
2244 3
2246 4
2247 1
2249 1
2250 1
2252 2
2253 2
2254 2
2258 1
2260 3
2262 1
2264 2
2265 1
2266 1
2268 2
2269 1
2271 4
2272 1
2275 2
2276 3
2277 3
2278 2
2279 3
2280 1
2281 2
2282 1
2283 2
2284 2
2286 2
2287 2
2289 2
2291 2
2292 1
2293 1
2295 7
2296 1
2298 2
2299 2
2300 2
2302 2
2303 1
2307 1
2308 1
2309 1
2311 3
2313 3
2314 1
2315 1
2316 2
2318 2
2322 1
2325 2
2326 1
2327 1
2328 5
2330 1
2333 1
2335 2
2337 1
2340 1
2342 2
2343 5
2347 4
2348 2
2349 2
2350 1
2351 3
2352 3
2354 2
2355 2
2356 2
2357 2
2358 1
2359 1
2364 1
2365 4
2366 1
2369 3
2370 3
2371 3
2372 1
2373 3
2374 1
2375 3
2377 3
2378 1
2380 1
2381 1
2382 1
2383 2
2384 2
2385 2
2387 2
2389 1
2390 2
2392 3
2393 1
2394 4
2395 1
2396 2
2397 3
2398 2
2399 1
2402 1
2404 1
2405 1
2406 1
2411 1
2413 1
2415 1
2416 3
2419 3
2420 3
2422 1
2424 1
2427 1
2428 1
2429 1
2430 1
2432 1
2433 3
2435 1
2437 1
2439 1
2440 1
2442 3
2443 3
2445 1
2446 1
2447 2
2448 2
2450 1
2452 3
2453 2
2454 3
2455 1
2457 3
2460 1
2461 1
2463 1
2465 1
2466 2
2467 1
2468 2
2471 2
2474 1
2479 1
2480 1
2481 2
2482 1
2484 1
2485 1
2486 2
2487 1
2488 2
2489 2
2490 1
2491 1
2494 3
2495 1
2496 2
2497 1
2498 1
2499 1
2500 1
2501 1
2502 1
2503 3
2505 4
2506 2
2507 1
2508 3
2510 1
2512 3
2513 1
2514 2
2515 3
2516 2
2518 1
2519 1
2520 2
2521 3
2522 1
2523 2
2525 1
2527 1
2528 1
2532 2
2534 1
2535 1
2536 1
2539 2
2542 1
2545 2
2547 1
2550 1
2551 1
2552 1
2554 3
2558 3
2559 3
2560 2
2561 1
2563 3
2564 1
2566 3
2567 1
2568 2
2570 1
2571 3
2573 3
2574 1
2575 1
2577 1
2578 1
2579 3
2581 2
2582 1
2583 2
2585 2
2587 2
2589 3
2590 1
2592 1
2593 1
2594 2
2596 1
2597 2
2600 1
2602 4
2603 1
2606 1
2609 3
2610 2
2612 3
2613 3
2614 1
2616 2
2619 2
2621 1
2623 1
2625 1
2627 2
2629 3
2630 2
2632 1
2636 2
2639 1
2641 2
2643 1
2645 1
2650 1
2651 2
2654 1
2655 2
2656 1
2658 2
2660 2
2666 1
2667 3
2668 2
2675 1
2676 2
2677 1
2680 2
2682 1
2683 1
2684 1
2685 1
2687 1
2688 1
2689 3
2690 1
2691 1
2692 1
2693 2
2694 2
2695 1
2697 1
2698 1
2702 1
2703 1
2704 1
2709 1
2710 1
2711 2
2712 1
2719 2
2721 1
2722 2
2725 1
2726 1
2727 2
2729 1
2733 1
2737 2
2738 2
2740 1
2747 1
2749 3
2750 1
2751 2
2752 1
2754 1
2756 4
2757 1
2758 5
2759 1
2761 3
2762 1
2770 1
2771 4
2776 2
2780 3
2783 2
2784 2
2787 4
2788 1
2789 2
2794 1
2796 1
2797 1
2798 1
2799 4
2800 4
2801 2
2804 1
2805 1
2806 3
2807 2
2808 1
2809 1
2810 1
2811 2
2812 1
2814 1
2816 3
2817 2
2819 1
2820 1
2821 1
2824 2
2825 1
2827 2
2833 2
2834 1
2836 1
2837 2
2840 1
2842 1
2843 1
2846 6
2848 1
2849 1
2851 3
2852 2
2853 1
2856 3
2859 1
2861 1
2866 1
2867 3
2868 1
2869 1
2876 4
2877 1
2881 2
2882 2
2886 2
2888 2
2889 1
2890 2
2894 1
2897 1
2898 1
2899 1
2901 2
2902 1
2903 2
2904 4
2905 2
2906 1
2910 1
2912 1
2914 2
2917 1
2918 3
2919 1
2920 1
2923 2
2925 2
2926 1
2928 1
2931 2
2933 1
2934 1
2936 3
2938 2
2940 2
2941 1
2943 1
2944 2
2945 2
2946 1
2949 3
2950 1
2951 1
2952 1
2953 1
2956 1
2963 1
2964 2
2965 2
2966 1
2967 1
2971 4
2972 3
2974 1
2975 2
2976 1
2977 1
2980 2
2981 2
2982 2
2983 3
2984 1
2985 1
2986 2
2988 1
2989 1
2990 1
2991 2
2993 1
2994 3
2996 1
2999 1
3000 3
3001 2
3002 1
3004 2
3005 1
3009 1
3011 3
3016 4
3017 2
3019 2
3020 2
3021 1
3023 1
3027 1
3032 4
3033 2
3038 1
3039 2
3040 2
3043 3
3045 1
3046 2
3047 1
3048 1
3049 2
3050 1
3051 1
3055 2
3056 1
3059 1
3060 3
3062 3
3063 1
3064 1
3065 1
3067 1
3068 3
3072 1
3074 1
3075 2
3079 1
3080 1
3081 1
3082 1
3083 1
3085 1
3088 1
3089 2
3090 1
3093 2
3100 1
3101 1
3103 1
3105 1
3106 2
3109 1
3114 2
3116 1
3117 1
3118 2
3120 2
3121 4
3123 2
3131 2
3132 2
3135 1
3138 1
3141 1
3142 3
3145 2
3151 2
3153 1
3167 1
3169 1
3170 1
3171 2
3173 2
3177 3
3178 2
3180 1
3184 2
3187 1
3189 3
3190 1
3192 2
3196 1
3198 1
3199 1
3204 1
3205 1
3206 1
3209 1
3214 1
3217 1
3219 1
3220 2
3221 1
3223 2
3226 2
3230 1
3231 2
3235 1
3238 1
3239 1
3245 1
3248 1
3250 1
3255 1
3257 1
3258 1
3260 1
3266 2
3269 1
3276 1
3282 1
3283 2
3286 1
3288 4
3289 2
3292 1
3293 1
3294 3
3295 2
3297 2
3302 3
3303 1
3304 1
3306 1
3311 1
3313 1
3323 1
3324 1
3328 1
3330 1
3334 2
3336 2
3337 1
3338 1
3339 1
3340 1
3342 2
3344 1
3345 3
3346 1
3348 2
3350 1
3351 1
3355 1
3356 1
3357 1
3359 4
3364 1
3365 1
3368 1
3370 2
3372 1
3373 2
3377 1
3379 1
3383 1
3384 1
3388 2
3390 2
3392 2
3393 2
3394 1
3397 1
3401 1
3402 1
3405 1
3409 1
3410 2
3412 1
3413 1
3419 1
3421 1
3427 1
3430 1
3432 1
3433 1
3437 2
3439 3
3440 1
3441 1
3442 2
3451 2
3452 2
3457 1
3460 3
3461 2
3462 2
3463 1
3466 2
3473 1
3476 1
3478 1
3481 1
3483 2
3487 1
3489 2
3490 1
3491 1
3492 1
3494 2
3495 1
3496 1
3497 1
3498 1
3499 1
3500 2
3501 1
3506 2
3507 1
3508 2
3517 1
3520 2
3522 1
3528 1
3535 1
3539 1
3543 2
3549 1
3554 1
3557 1
3559 1
3562 2
3563 1
3573 1
3586 2
3589 1
3590 3
3598 3
3609 2
3611 1
3614 1
3615 2
3619 1
3622 1
3623 1
3627 1
3628 1
3629 1
3630 1
3631 1
3632 2
3636 1
3639 3
3640 4
3641 1
3643 1
3644 1
3647 4
3649 1
3650 1
3651 2
3652 2
3653 3
3654 4
3655 1
3657 1
3660 2
3661 1
3665 1
3666 1
3669 1
3670 1
3673 1
3676 1
3678 1
3682 1
3687 1
3690 1
3698 2
3702 2
3705 1
3710 1
3715 1
3718 2
3719 1
3720 1
3727 1
3732 2
3735 1
3738 1
3747 2
3751 1
3753 1
3756 1
3759 1
3761 2
3762 2
3773 1
3774 2
3775 1
3777 1
3778 1
3779 1
3781 1
3784 1
3785 2
3789 1
3795 1
3797 1
3800 1
3810 1
3815 2
3816 1
3817 1
3823 2
3826 1
3830 2
3831 1
3836 1
3838 1
3839 1
3840 2
3845 2
3848 1
3850 1
3851 2
3852 1
3856 2
3859 1
3860 4
3868 2
3874 2
3876 1
3877 1
3880 1
3882 1
3883 1
3885 1
3888 1
3890 1
3893 2
3898 1
3899 2
3900 1
3902 2
3905 2
3907 3
3910 1
3916 1
3922 2
3923 2
3924 1
3926 1
3928 1
3929 2
3931 1
3932 1
3934 2
3936 1
3937 1
3938 1
3939 1
3940 1
3942 1
3943 1
3944 1
3946 1
3947 1
3976 1
3986 2
3989 1
3993 1
3994 2
4003 2
4005 1
4006 2
4007 1
4016 1
4019 1
4025 1
4048 1
4051 2
4059 1
4066 2
4070 2
4079 1
4087 2
4088 1
4090 2
4091 1
4093 2
4094 2
4095 1
4096 1
4097 2
4098 1
4104 2
4105 3
4106 1
4107 1
4109 1
4110 2
4119 1
4120 1
4124 1
4127 1
4137 1
4140 1
4141 1
4142 1
4148 2
4149 1
4154 1
4159 1
4162 1
4164 1
4166 1
4173 2
4176 1
4182 1
4186 2
4199 1
4201 2
4203 1
4209 2
4212 1
4215 1
4219 1
4233 2
4235 1
4240 2
4245 1
4252 1
4270 1
4276 1
4279 1
4283 1
4292 2
4294 1
4299 1
4304 1
4319 1
4321 1
4323 1
4324 1
4326 1
4330 1
4336 1
4343 3
4352 1
4355 1
4361 1
4363 1
4370 1
4378 1
4384 1
4390 1
4391 1
4392 1
4393 1
4395 1
4400 1
4406 1
4410 2
4415 1
4419 2
4432 1
4446 1
4448 1
4453 1
4456 1
4461 1
4462 2
4467 1
4468 1
4471 2
4479 1
4483 1
4484 1
4487 1
4491 2
4493 1
4495 2
4496 1
4509 2
4514 2
4515 1
4516 1
4528 2
4537 2
4540 1
4543 1
4554 1
4555 2
4558 1
4576 2
4578 1
4582 1
4586 3
4587 1
4588 1
4592 3
4607 1
4611 1
4619 1
4620 1
4625 1
4627 1
4633 2
4638 1
4641 1
4644 1
4645 1
4649 1
4650 1
4652 1
4656 1
4658 1
4661 1
4666 1
4667 1
4668 2
4669 1
4674 1
4680 1
4684 1
4685 1
4694 1
4709 1
4721 2
4723 1
4726 1
4730 1
4752 2
4755 2
4757 1
4759 2
4762 3
4765 1
4766 1
4771 1
4780 1
4784 1
4785 1
4786 1
4789 1
4803 1
4804 1
4819 1
4825 1
4826 1
4827 1
4831 1
4843 1
4846 3
4847 2
4849 1
4851 1
4858 1
4859 1
4860 1
4862 1
4871 1
4877 1
4882 3
4887 1
4892 1
4894 3
4898 1
4902 3
4904 3
4908 2
4911 2
4917 2
4918 1
4929 1
4934 1
4954 1
4973 2
4980 1
4996 1
4997 1
5000 2
5001 4
5004 1
5006 1
5009 1
5012 1
5016 1
5018 2
5030 1
5032 1
5037 1
5040 1
5051 1
5060 1
5062 1
5069 2
5070 1
5075 1
5076 1
5077 1
5078 1
5081 1
5084 2
5086 2
5094 2
5099 1
5100 1
5104 2
5105 1
5108 1
5109 1
5112 1
5130 1
5131 1
5133 1
5141 1
5158 1
5166 1
5169 1
5170 1
5171 1
5172 1
5179 2
5183 1
5201 1
5205 1
5209 1
5224 1
5225 1
5227 1
5233 1
5234 1
5238 1
5259 1
5266 1
5272 2
5276 1
5300 2
5302 1
5308 1
5311 1
5314 1
5328 1
5330 1
5333 1
5337 1
5345 1
5347 1
5352 1
5357 1
5368 1
5370 1
5376 2
5377 1
5380 1
5384 1
5386 3
5391 1
5396 3
5402 1
5403 1
5409 1
5411 1
5416 1
5422 1
5427 1
5431 1
5438 1
5445 1
5448 1
5451 1
5454 2
5456 1
5457 2
5458 1
5460 1
5463 1
5465 1
5466 1
5469 1
5473 2
5474 1
5478 2
5485 1
5488 3
5490 1
5491 2
5494 1
5495 2
5496 3
5497 1
5498 1
5499 4
5500 1
5502 1
5506 2
5514 1
5517 1
5521 2
5528 1
5529 1
5534 1
5548 2
5556 1
5579 1
5583 1
5585 1
5589 1
5590 2
5595 1
5598 1
5614 2
5621 1
5634 1
5642 2
5644 1
5647 1
5649 1
5666 1
5671 1
5675 1
5677 1
5679 1
5681 1
5692 3
5693 1
5700 1
5701 1
5713 1
5716 2
5719 1
5720 1
5730 1
5743 2
5750 2
5753 1
5760 1
5763 3
5788 1
5794 1
5796 1
5808 1
5818 1
5833 2
5838 1
5840 1
5842 1
5854 2
5865 1
5866 2
5872 2
5892 1
5893 1
5901 1
5905 1
5906 1
5918 1
5921 1
5922 1
5945 1
5954 1
5957 1
5961 1
5972 1
5973 1
5980 2
5983 1
5991 1
5994 1
6001 2
6009 1
6012 1
6013 1
6017 2
6022 1
6024 1
6026 1
6027 1
6044 1
6048 2
6051 1
6071 1
6078 1
6092 1
6099 1
6101 1
6102 1
6136 1
6138 2
6140 1
6143 1
6145 1
6149 1
6159 1
6163 1
6164 2
6186 2
6196 2
6209 2
6217 1
6233 1
6235 1
6240 1
6244 1
6246 3
6261 1
6268 1
6285 1
6292 1
6294 2
6295 1
6296 1
6300 1
6302 1
6306 1
6308 1
6314 1
6321 1
6328 2
6342 1
6344 1
6347 2
6355 1
6358 1
6382 1
6383 1
6397 1
6409 1
6411 1
6412 1
6416 1
6420 1
6421 1
6424 1
6443 1
6445 1
6457 1
6460 1
6473 1
6492 1
6495 1
6496 2
6517 2
6528 1
6533 1
6546 1
6549 1
6550 1
6556 1
6567 1
6572 1
6575 1
6577 1
6586 1
6591 1
6596 1
6603 1
6610 1
6611 1
6631 1
6641 1
6645 1
6658 1
6660 1
6669 1
6681 1
6683 1
6689 1
6690 1
6697 1
6703 1
6704 1
6708 1
6714 1
6719 1
6728 1
6731 1
6748 1
6750 1
6755 2
6788 1
6796 1
6798 1
6802 1
6814 1
6815 1
6816 1
6836 1
6837 1
6855 1
6858 1
6861 1
6862 2
6870 1
6875 1
6889 1
6890 1
6906 1
6907 1
6908 1
6911 1
6917 1
6919 1
6946 1
6960 1
6984 1
6989 1
7001 1
7002 1
7015 1
7023 1
7024 1
7078 2
7114 1
7127 1
7143 1
7145 1
7155 1
7163 1
7164 1
7170 2
7192 1
7194 2
7205 1
7214 1
7252 1
7259 2
7272 2
7290 2
7343 1
7344 2
7359 1
7381 1
7428 1
7429 1
7434 1
7436 1
7449 2
7459 1
7470 1
7480 1
7486 1
7487 1
7489 1
7519 1
7551 1
7563 1
7571 2
7580 2
7591 1
7595 1
7656 2
7671 2
7696 1
7725 1
7732 2
7757 1
7764 1
7782 1
7786 1
7800 1
7808 1
7824 1
7844 1
7862 1
7866 1
7895 1
7900 1
7909 1
7911 4
7952 1
7986 1
7995 1
7998 1
8007 1
8013 1
8017 1
8022 2
8055 1
8059 1
8071 2
8085 1
8098 1
8128 2
8143 1
8167 1
8179 1
8182 1
8189 1
8192 1
8195 1
8209 2
8211 1
8239 1
8268 1
8271 1
8275 2
8278 1
8286 1
8341 1
8370 1
8374 1
8377 1
8421 1
8440 1
8477 1
8525 1
8527 1
8574 1
8609 2
8615 2
8631 2
8641 1
8657 1
8662 1
8664 1
8665 1
8682 2
8694 2
8706 1
8722 1
8734 1
8750 1
8753 1
8778 1
8784 1
8787 1
8788 1
8796 1
8803 1
8808 1
8823 2
8877 1
8884 1
8890 2
8917 1
8947 1
8958 1
8959 1
8965 1
9010 1
9026 1
9045 1
9060 1
9073 1
9094 2
9096 2
9097 1
9111 1
9156 1
9159 2
9160 1
9170 1
9219 2
9228 1
9237 1
9289 1
9319 1
9345 2
9364 1
9396 1
9465 1
9471 1
9524 1
9579 1
9595 1
9598 1
9692 2
9699 1
9703 1
9708 1
9710 1
9717 1
9719 1
9735 1
9741 1
9745 1
9769 1
9771 1
9831 1
9884 1
9892 1
9897 1
9901 1
9907 2
9915 1
9916 1
9929 1
9932 1
9959 3
9962 1
9991 1
9994 1
10000 1
10002 3
10003 2
10012 1
10024 1
10041 1
10092 2
10096 1
10107 2
10108 3
10124 1
10125 1
10139 1
10143 2
10255 1
10258 1
10290 1
10321 1
10350 1
10351 1
10374 1
10377 1
10384 1
10402 1
10474 1
10477 1
10484 1
10513 1
10515 1
10528 1
10549 1
10558 1
10564 1
10587 1
10616 1
10642 1
10647 1
10658 1
10683 1
10697 2
10699 1
10718 2
10756 1
10767 1
10773 1
10776 1
10788 1
10817 1
10824 1
10870 1
10913 1
10932 2
11004 1
11027 1
11111 1
11136 1
11145 1
11162 1
11215 1
11218 1
11242 1
11245 1
11258 1
11261 1
11285 1
11351 1
11353 1
11359 1
11367 1
11368 1
11377 2
11385 1
11388 1
11400 1
11408 1
11450 1
11456 1
11457 1
11490 2
11494 1
11516 1
11531 1
11583 2
11715 1
11742 1
11743 1
11798 1
11802 1
11823 1
11829 1
11992 1
12021 2
12022 1
12026 1
12040 1
12041 1
12050 1
12149 1
12231 1
12287 1
12289 1
12294 3
12296 2
12303 1
12418 3
12419 1
12485 1
12495 1
12533 1
12558 1
12585 1
12609 1
12653 1
12672 1
12707 1
12769 2
12823 1
12848 2
12883 1
12890 1
12943 1
12960 1
12997 1
13059 1
13086 1
13105 1
13110 1
13123 1
13135 1
13166 1
13168 1
13178 1
13210 1
13240 3
13241 1
13275 2
13281 1
13424 1
13440 2
13502 1
13579 1
13600 1
13601 1
13619 1
13633 1
13669 1
13703 1
13772 1
13776 1
13788 1
13801 2
13841 1
13935 1
14089 2
14234 1
14365 1
14492 1
14514 1
14528 1
14582 2
14644 1
14751 1
14867 1
14884 1
14924 1
14932 1
14969 1
14990 1
15014 1
15046 1
15047 1
15067 1
15139 2
15182 1
15192 1
15238 1
15260 1
15265 1
15332 1
15376 2
15398 2
15510 1
15609 1
15620 1
15680 1
15746 1
15788 1
15789 1
15929 2
16001 2
16022 1
16056 1
16086 1
16105 1
16247 1
16285 1
16358 1
16384 1
16386 1
16401 1
16501 1
16513 1
16653 1
16748 1
16858 1
16924 1
16964 1
17074 1
17089 1
17266 1
17271 1
17337 1
17350 1
17613 1
17782 1
17784 2
17832 1
17834 1
17914 1
17934 1
18016 1
18147 1
18190 1
18199 1
18250 1
18341 1
18387 1
18388 21
18468 1
18474 1
18503 1
18542 1
18597 1
18606 1
18661 1
18819 1
18841 1
18862 1
18991 1
19024 1
19295 1
19567 1
19570 1
19762 1
19911 1
19916 1
20001 2
20051 1
20149 1
20305 1
20457 1
20562 1
20688 2
20949 1
21190 1
21206 1
21321 1
21542 1
21555 1
21596 1
21614 1
21667 1
21745 1
21832 1
21977 1
22108 1
22391 2
22480 1
22681 1
22719 1
22871 1
23189 1
23234 1
23285 1
23450 1
23456 1
23590 1
23708 1
23966 1
24239 1
24354 1
24401 1
24422 1
24442 1
24727 1
24941 1
25456 1
25527 1
25634 1
25814 1
25877 1
25920 1
25961 1
26094 1
26120 1
26344 1
26587 1
26932 1
27080 1
27412 1
27600 1
27953 1
28564 1
28777 1
28798 1
28804 1
28904 1
29046 1
29355 1
29549 1
29677 1
29872 1
29949 1
30000 1
30001 1
30741 1
30822 1
30852 2
30868 1
31498 1
31538 1
31678 1
31725 1
32064 1
32243 1
32529 1
32536 1
32709 1
32756 2
32768 1
32769 2
32770 2
33196 1
33231 1
33547 1
33565 2
33769 1
33808 1
34068 1
34114 1
34328 1
34460 1
34652 1
34748 1
35061 1
35120 1
36968 1
37014 1
37489 1
37765 1
38073 1
38220 1
38301 1
39052 1
39350 1
39372 1
39927 1
40674 1
40691 1
41262 2
43176 1
43190 1
43486 1
43600 1
44269 1
44328 1
44860 1
45690 1
45714 1
46001 1
46500 1
46503 1
46583 1
48583 1
48694 2
49042 1
49496 1
49742 1
51142 1
51593 1
51603 2
51698 1
52281 1
53346 1
53706 1
53999 1
55299 1
55892 1
56133 1
56962 2
57644 1
58634 1
59193 1
59499 1
59517 1
60201 1
60403 1
60698 1
60822 1
60894 1
61368 1
61912 1
62734 2
62880 1
63154 1
63398 1
63671 1
65536 1
65538 1
67200 1
68079 1
68690 1
68832 1
69611 1
71384 1
73120 1
73558 1
73642 1
74235 1
74270 1
74543 1
74970 1
77356 1
80754 1
80781 1
82700 1
83136 1
83644 1
84740 1
85321 1
87030 1
88062 1
91243 1
91339 1
91978 1
99781 1
100000 1
100182 1
101144 1
104919 1
109414 1
110668 1
123587 1
130109 1
131072 1
131074 1
131810 1
134538 1
134759 1
136350 1
140053 1
143051 1
145140 1
147190 1
148338 1
148614 1
149084 1
150159 1
154753 1
157084 1
163445 1
173318 2
178680 1
183363 2
189375 1
195361 1
198949 1
201396 1
202230 1
208905 1
211302 1
216731 1
219283 1
233040 1
238290 1
242559 1
247220 1
252153 1
256898 1
259859 1
298104 1
317172 1
350419 2
409320 1
427999 1
430660 1
462502 1
503533 1
506084 1
658552 1
684528 1
691885 1
860956 1
861694 1
1189485 1
1370327 1
1437431 1
1590032 1
2436231 1
33637488 1
