0 15137487719
1 1660800075
2 135175462
3 7690909
4 3888927
5 2600439
6 2035433
7 1498884
8 1245954
9 1005414
10 906296
11 815345
12 735772
13 612232
14 549607
15 468885
16 444878
17 444633
18 416806
19 309000
20 289374
21 288826
22 325615
23 258625
24 225941
25 211707
26 188366
27 179424
28 206876
29 165286
30 173909
31 166081
32 138948
33 137958
34 122132
35 120104
36 136850
37 111240
38 109916
39 103631
40 106348
41 96222
42 100962
43 90418
44 89449
45 83813
46 82841
47 86523
48 81256
49 81000
50 74721
51 67263
52 67507
53 60266
54 59492
55 58225
56 53442
57 49952
58 54160
59 47455
60 47153
61 45609
62 46981
63 50925
64 40974
65 40087
66 41315
67 36858
68 36029
69 36039
70 33662
71 32329
72 33707
73 31200
74 36532
75 40206
76 28854
77 45555
78 37854
79 35717
80 29545
81 32658
82 46950
83 35447
84 27368
85 32807
86 28027
87 24141
88 23039
89 28316
90 22391
91 28803
92 22790
93 22373
94 29312
95 27794
96 20712
97 28495
98 20553
99 29256
100 20808
101 25642
102 24249
103 25609
104 21731
105 18443
106 16022
107 16066
108 15589
109 17315
110 14733
111 14832
112 15283
113 13389
114 15502
115 14764
116 13709
117 16733
118 14544
119 12413
120 12007
121 12192
122 13433
123 11813
124 11680
125 12038
126 11092
127 12663
128 11261
129 11039
130 11148
131 12264
132 13133
133 12462
134 13103
135 11806
136 9116
137 10078
138 8760
139 10702
140 11207
141 11292
142 10025
143 8694
144 10200
145 9293
146 8322
147 8465
148 10227
149 8368
150 7461
151 9025
152 7218
153 8194
154 8683
155 9447
156 8039
157 7088
158 7700
159 7907
160 7301
161 6373
162 7169
163 6170
164 6111
165 6107
166 5960
167 6265
168 6681
169 5617
170 5616
171 5407
172 6732
173 5477
174 5436
175 5177
176 5700
177 6337
178 5667
179 5851
180 5829
181 6005
182 5237
183 4968
184 5087
185 4598
186 4549
187 4505
188 5163
189 5367
190 8181
191 6396
192 4819
193 3887
194 3557
195 4059
196 3899
197 4093
198 3421
199 4553
200 3640
201 3555
202 3407
203 2971
204 2724
205 3088
206 2838
207 2880
208 2994
209 2831
210 2810
211 2869
212 2835
213 2731
214 2488
215 2497
216 2560
217 2365
218 2705
219 2418
220 2560
221 2571
222 2859
223 2813
224 2894
225 2754
226 2966
227 3072
228 2904
229 3593
230 2786
231 3798
232 3000
233 6167
234 5147
235 3685
236 2330
237 3998
238 5891
239 2268
240 14877
241 71205
242 5996
243 2170
244 1998
245 2149
246 2097
247 1992
248 1980
249 1722
250 1767
251 1795
252 1806
253 1895
254 1753
255 1915
256 1742
257 2042
258 1895
259 2003
260 1951
261 1884
262 1905
263 2048
264 2874
265 3784
266 1662
267 1923
268 1754
269 1726
270 2092
271 1978
272 1907
273 1994
274 1787
275 1732
276 1823
277 1622
278 1619
279 1792
280 1538
281 1606
282 1650
283 1766
284 1712
285 1678
286 1704
287 1823
288 1634
289 1676
290 1678
291 1676
292 1732
293 1696
294 1835
295 1725
296 1530
297 1754
298 1399
299 2047
300 1695
301 1386
302 1787
303 2907
304 1547
305 1526
306 1560
307 1507
308 1509
309 1475
310 1427
311 1546
312 1664
313 1455
314 1803
315 2578
316 3218
317 1991
318 2340
319 2153
320 1603
321 1476
322 1574
323 1441
324 1431
325 1597
326 1690
327 1703
328 1520
329 1606
330 1689
331 1603
332 1283
333 1178
334 1270
335 1148
336 1227
337 1192
338 1343
339 1349
340 1217
341 1547
342 1075
343 1193
344 1168
345 1156
346 1187
347 1161
348 1262
349 1106
350 1072
351 1123
352 2633
353 1121
354 1131
355 909
356 877
357 2846
358 844
359 932
360 979
361 1034
362 863
363 829
364 847
365 870
366 823
367 842
368 861
369 976
370 948
371 942
372 847
373 2412
374 805
375 817
376 764
377 1027
378 933
379 1118
380 778
381 846
382 767
383 1641
384 825
385 997
386 1002
387 856
388 989
389 800
390 634
391 670
392 953
393 1884
394 804
395 608
396 844
397 632
398 698
399 759
400 592
401 677
402 570
403 645
404 646
405 1219
406 680
407 837
408 648
409 588
410 1402
411 755
412 1049
413 755
414 668
415 588
416 615
417 657
418 607
419 680
420 543
421 520
422 646
423 594
424 626
425 524
426 533
427 522
428 568
429 564
430 567
431 538
432 608
433 616
434 498
435 453
436 1895
437 412
438 483
439 537
440 550
441 556
442 569
443 1530
444 1266
445 542
446 524
447 503
448 528
449 529
450 551
451 578
452 496
453 779
454 3135
455 517
456 538
457 441
458 374
459 465
460 468
461 584
462 475
463 516
464 483
465 513
466 480
467 480
468 453
469 571
470 546
471 520
472 566
473 2077
474 483
475 527
476 504
477 488
478 1591
479 417
480 516
481 429
482 349
483 570
484 705
485 492
486 456
487 6172
488 1079
489 449
490 491
491 476
492 439
493 389
494 417
495 410
496 435
497 369
498 369
499 423
500 434
501 468
502 428
503 410
504 377
505 415
506 887
507 564
508 537
509 780
510 3382
511 521
512 504
513 526
514 471
515 824
516 640
517 2384
518 460
519 616
520 359
521 398
522 405
523 567
524 1494
525 428
526 747
527 422
528 588
529 465
530 415
531 429
532 403
533 398
534 3230
535 538
536 435
537 417
538 384
539 376
540 372
541 374
542 344
543 414
544 403
545 369
546 377
547 311
548 365
549 328
550 422
551 413
552 322
553 301
554 390
555 320
556 371
557 318
558 321
559 332
560 1372
561 324
562 400
563 348
564 404
565 1040
566 336
567 322
568 321
569 328
570 353
571 1703
572 327
573 297
574 312
575 292
576 283
577 271
578 259
579 251
580 295
581 257
582 252
583 281
584 256
585 445
586 1108
587 246
588 1539
589 281
590 286
591 237
592 235
593 241
594 2553
595 264
596 263
597 375
598 265
599 200
600 271
601 229
602 1194
603 1546
604 176
605 217
606 623
607 211
608 239
609 227
610 238
611 1253
612 239
613 197
614 383
615 1311
616 253
617 244
618 348
619 1821
620 248
621 227
622 248
623 258
624 244
625 262
626 732
627 284
628 290
629 524
630 371
631 406
632 1486
633 475
634 217
635 188
636 176
637 165
638 1311
639 207
640 299
641 261
642 2427
643 174
644 248
645 303
646 264
647 292
648 656
649 1005
650 158
651 215
652 255
653 1340
654 1055
655 315
656 228
657 212
658 207
659 199
660 212
661 198
662 238
663 184
664 423
665 662
666 1927
667 180
668 189
669 128
670 758
671 178
672 173
673 904
674 181
675 147
676 1122
677 5331
678 1474
679 714
680 1347
681 493
682 153
683 154
684 184
685 194
686 282
687 157
688 196
689 171
690 182
691 211
692 831
693 171
694 173
695 220
696 933
697 551
698 177
699 968
700 255
701 163
702 187
703 1493
704 1120
705 130
706 3471
707 140
708 1419
709 166
710 363
711 893
712 3361
713 701
714 363
715 364
716 1361
717 1646
718 3534
719 206
720 193
721 228
722 211
723 187
724 755
725 2877
726 189
727 1355
728 149
729 202
730 2747
731 203
732 276
733 2351
734 164
735 175
736 152
737 183
738 177
739 154
740 8582
741 160
742 218
743 190
744 146
745 135
746 163
747 468
748 1050
749 2605
750 892
751 694
752 512
753 223
754 159
755 253
756 136
757 159
758 188
759 131
760 173
761 178
762 174
763 180
764 158
765 516
766 147
767 1025
768 6867
769 1344
770 4695
771 2423
772 1352
773 339
774 434
775 764
776 195
777 171
778 5584
779 2673
780 6062
781 2935
782 3965
783 9810
784 9383
785 6958
786 539
787 3359
788 7408
789 3307
790 2483
791 3014
792 3183
793 1532
794 689
795 6055
796 976
797 9950
798 3582
799 483
800 1892
801 202
802 1631
803 1094
804 256
805 704
806 2946
807 2974
808 5882
809 3925
810 138
811 133
812 126
813 128
814 273
815 1100
816 855
817 177
818 1861
819 325
820 196
821 170
822 187
823 237
824 218
825 302
826 357
827 158
828 145
829 143
830 142
831 517
832 529
833 419
834 5649
835 1030
836 831
837 1066
838 189
839 651
840 2353
841 14471
842 129
843 2258
844 152
845 128
846 153
847 139
848 166
849 337
850 289
851 98
852 120
853 110
854 128
855 87
856 1147
857 4094
858 5174
859 495
860 4637
861 1309
862 3991
863 4397
864 1067
865 93
866 94
867 99
868 110
869 119
870 234
871 131
872 112
873 164
874 100
875 122
876 115
877 117
878 151
879 169
880 139
881 125
882 121
883 139
884 115
885 167
886 148
887 139
888 146
889 143
890 158
891 129
892 150
893 137
894 158
895 170
896 208
897 163
898 190
899 172
900 109
901 146
902 135
903 117
904 116
905 125
906 104
907 128
908 73
909 117
910 125
911 114
912 188
913 126
914 114
915 83
916 95
917 147
918 135
919 106
920 100
921 115
922 202
923 132
924 94
925 197
926 130
927 162
928 107
929 99
930 126
931 126
932 100
933 95
934 131
935 128
936 102
937 112
938 155
939 122
940 123
941 96
942 125
943 112
944 79
945 90
946 86
947 115
948 98
949 78
950 98
951 118
952 91
953 87
954 89
955 92
956 68
957 105
958 67
959 83
960 105
961 129
962 96
963 119
964 86
965 88
966 75
967 79
968 91
969 102
970 77
971 82
972 119
973 103
974 86
975 86
976 86
977 87
978 77
979 103
980 97
981 91
982 92
983 80
984 111
985 91
986 88
987 77
988 69
989 71
990 64
991 100
992 104
993 92
994 70
995 70
996 105
997 85
998 87
999 133
1000 103
1001 92
1002 73
1003 74
1004 88
1005 67
1006 136
1007 103
1008 79
1009 85
1010 72
1011 75
1012 81
1013 75
1014 97
1015 79
1016 110
1017 78
1018 87
1019 77
1020 62
1021 89
1022 106
1023 122
1024 68
1025 105
1026 69
1027 55
1028 83
1029 48
1030 108
1031 66
1032 86
1033 82
1034 78
1035 50
1036 77
1037 89
1038 63
1039 83
1040 67
1041 66
1042 63
1043 46
1044 72
1045 45
1046 52
1047 66
1048 51
1049 62
1050 67
1051 36
1052 92
1053 53
1054 52
1055 65
1056 44
1057 46
1058 54
1059 48
1060 38
1061 48
1062 55
1063 33
1064 66
1065 50
1066 50
1067 48
1068 39
1069 46
1070 37
1071 43
1072 38
1073 65
1074 51
1075 48
1076 36
1077 63
1078 57
1079 56
1080 55
1081 55
1082 51
1083 49
1084 58
1085 72
1086 60
1087 46
1088 64
1089 77
1090 123
1091 156
1092 122
1093 67
1094 61
1095 60
1096 93
1097 66
1098 65
1099 78
1100 113
1101 66
1102 66
1103 106
1104 86
1105 107
1106 62
1107 138
1108 162
1109 73
1110 43
1111 73
1112 48
1113 51
1114 55
1115 57
1116 45
1117 59
1118 53
1119 41
1120 54
1121 33
1122 47
1123 54
1124 54
1125 43
1126 54
1127 44
1128 57
1129 48
1130 31
1131 34
1132 50
1133 47
1134 56
1135 49
1136 59
1137 40
1138 40
1139 38
1140 46
1141 50
1142 47
1143 76
1144 61
1145 56
1146 66
1147 46
1148 55
1149 56
1150 41
1151 59
1152 67
1153 50
1154 57
1155 46
1156 43
1157 45
1158 59
1159 45
1160 60
1161 49
1162 41
1163 42
1164 49
1165 41
1166 35
1167 45
1168 45
1169 57
1170 44
1171 52
1172 38
1173 56
1174 51
1175 27
1176 34
1177 53
1178 35
1179 33
1180 27
1181 27
1182 29
1183 39
1184 39
1185 50
1186 40
1187 59
1188 45
1189 39
1190 55
1191 51
1192 59
1193 42
1194 37
1195 56
1196 30
1197 42
1198 45
1199 42
1200 41
1201 70
1202 55
1203 53
1204 40
1205 50
1206 39
1207 34
1208 52
1209 32
1210 36
1211 35
1212 53
1213 49
1214 43
1215 40
1216 54
1217 66
1218 46
1219 42
1220 48
1221 55
1222 55
1223 33
1224 57
1225 53
1226 54
1227 37
1228 47
1229 46
1230 61
1231 38
1232 43
1233 47
1234 34
1235 28
1236 42
1237 39
1238 33
1239 29
1240 31
1241 22
1242 46
1243 30
1244 34
1245 28
1246 24
1247 43
1248 46
1249 36
1250 34
1251 46
1252 44
1253 32
1254 43
1255 31
1256 34
1257 42
1258 40
1259 62
1260 58
1261 50
1262 46
1263 48
1264 45
1265 70
1266 50
1267 49
1268 41
1269 49
1270 49
1271 53
1272 46
1273 49
1274 29
1275 42
1276 36
1277 58
1278 38
1279 37
1280 58
1281 47
1282 37
1283 38
1284 47
1285 38
1286 42
1287 43
1288 39
1289 39
1290 51
1291 43
1292 34
1293 37
1294 35
1295 32
1296 51
1297 37
1298 43
1299 32
1300 47
1301 47
1302 38
1303 27
1304 40
1305 51
1306 48
1307 33
1308 39
1309 27
1310 39
1311 54
1312 42
1313 50
1314 38
1315 61
1316 46
1317 40
1318 46
1319 42
1320 44
1321 35
1322 47
1323 50
1324 50
1325 61
1326 47
1327 41
1328 49
1329 41
1330 44
1331 40
1332 30
1333 26
1334 26
1335 44
1336 44
1337 53
1338 35
1339 50
1340 42
1341 51
1342 38
1343 50
1344 49
1345 48
1346 51
1347 42
1348 56
1349 52
1350 71
1351 61
1352 41
1353 66
1354 49
1355 56
1356 56
1357 61
1358 51
1359 57
1360 66
1361 36
1362 49
1363 35
1364 50
1365 44
1366 43
1367 48
1368 48
1369 32
1370 45
1371 37
1372 40
1373 49
1374 37
1375 38
1376 49
1377 36
1378 22
1379 33
1380 38
1381 26
1382 37
1383 29
1384 36
1385 36
1386 36
1387 25
1388 37
1389 35
1390 25
1391 30
1392 37
1393 42
1394 46
1395 51
1396 36
1397 43
1398 67
1399 35
1400 54
1401 29
1402 38
1403 36
1404 42
1405 28
1406 36
1407 24
1408 25
1409 25
1410 34
1411 37
1412 21
1413 41
1414 33
1415 28
1416 39
1417 27
1418 35
1419 43
1420 23
1421 31
1422 32
1423 32
1424 24
1425 30
1426 28
1427 26
1428 19
1429 31
1430 34
1431 35
1432 18
1433 31
1434 32
1435 30
1436 30
1437 39
1438 31
1439 34
1440 18
1441 27
1442 23
1443 25
1444 25
1445 22
1446 28
1447 14
1448 38
1449 20
1450 22
1451 23
1452 31
1453 20
1454 33
1455 27
1456 40
1457 40
1458 32
1459 26
1460 28
1461 24
1462 22
1463 19
1464 14
1465 23
1466 28
1467 29
1468 23
1469 16
1470 27
1471 30
1472 22
1473 23
1474 12
1475 26
1476 21
1477 25
1478 27
1479 25
1480 19
1481 28
1482 21
1483 29
1484 23
1485 18
1486 22
1487 19
1488 27
1489 28
1490 21
1491 30
1492 26
1493 25
1494 21
1495 19
1496 24
1497 16
1498 15
1499 21
1500 22
1501 17
1502 21
1503 10
1504 11
1505 20
1506 15
1507 30
1508 20
1509 16
1510 19
1511 37
1512 27
1513 21
1514 22
1515 20
1516 21
1517 21
1518 23
1519 17
1520 22
1521 15
1522 29
1523 14
1524 22
1525 24
1526 36
1527 27
1528 30
1529 27
1530 30
1531 39
1532 28
1533 24
1534 21
1535 33
1536 20
1537 15
1538 17
1539 25
1540 40
1541 14
1542 32
1543 33
1544 29
1545 18
1546 22
1547 24
1548 22
1549 39
1550 48
1551 30
1552 38
1553 32
1554 27
1555 23
1556 24
1557 31
1558 17
1559 22
1560 23
1561 38
1562 19
1563 32
1564 14
1565 24
1566 19
1567 20
1568 19
1569 32
1570 13
1571 19
1572 26
1573 31
1574 24
1575 25
1576 13
1577 21
1578 36
1579 32
1580 29
1581 32
1582 36
1583 73
1584 22
1585 24
1586 15
1587 18
1588 37
1589 32
1590 30
1591 28
1592 46
1593 20
1594 42
1595 22
1596 20
1597 37
1598 46
1599 49
1600 36
1601 30
1602 23
1603 52
1604 30
1605 26
1606 40
1607 48
1608 29
1609 27
1610 43
1611 35
1612 23
1613 20
1614 24
1615 30
1616 26
1617 19
1618 40
1619 20
1620 23
1621 21
1622 24
1623 27
1624 25
1625 23
1626 29
1627 24
1628 35
1629 26
1630 26
1631 23
1632 20
1633 18
1634 22
1635 20
1636 26
1637 43
1638 43
1639 44
1640 35
1641 36
1642 30
1643 25
1644 25
1645 21
1646 19
1647 34
1648 34
1649 17
1650 23
1651 15
1652 20
1653 18
1654 18
1655 28
1656 13
1657 27
1658 19
1659 21
1660 18
1661 28
1662 33
1663 32
1664 21
1665 36
1666 40
1667 25
1668 31
1669 16
1670 36
1671 19
1672 38
1673 36
1674 23
1675 31
1676 31
1677 16
1678 40
1679 30
1680 21
1681 32
1682 22
1683 21
1684 27
1685 104
1686 24
1687 24
1688 25
1689 29
1690 24
1691 28
1692 32
1693 36
1694 25
1695 14
1696 17
1697 20
1698 16
1699 28
1700 20
1701 19
1702 23
1703 20
1704 19
1705 17
1706 20
1707 17
1708 25
1709 17
1710 20
1711 18
1712 26
1713 27
1714 25
1715 23
1716 25
1717 21
1718 29
1719 21
1720 11
1721 17
1722 24
1723 23
1724 28
1725 30
1726 18
1727 23
1728 24
1729 28
1730 31
1731 25
1732 31
1733 19
1734 25
1735 16
1736 33
1737 33
1738 30
1739 27
1740 42
1741 25
1742 29
1743 27
1744 34
1745 33
1746 25
1747 32
1748 34
1749 38
1750 26
1751 22
1752 29
1753 35
1754 29
1755 26
1756 27
1757 37
1758 31
1759 44
1760 31
1761 51
1762 27
1763 32
1764 27
1765 36
1766 33
1767 36
1768 30
1769 25
1770 39
1771 38
1772 38
1773 42
1774 30
1775 29
1776 26
1777 42
1778 39
1779 39
1780 38
1781 27
1782 25
1783 39
1784 37
1785 38
1786 43
1787 46
1788 38
1789 23
1790 15
1791 36
1792 47
1793 55
1794 53
1795 47
1796 40
1797 31
1798 30
1799 34
1800 28
1801 35
1802 27
1803 26
1804 20
1805 38
1806 34
1807 36
1808 33
1809 48
1810 50
1811 56
1812 47
1813 75
1814 49
1815 34
1816 42
1817 12
1818 26
1819 42
1820 37
1821 23
1822 33
1823 32
1824 25
1825 28
1826 33
1827 25
1828 28
1829 20
1830 16
1831 26
1832 19
1833 21
1834 16
1835 28
1836 21
1837 20
1838 12
1839 29
1840 17
1841 14
1842 18
1843 26
1844 28
1845 18
1846 16
1847 30
1848 47
1849 34
1850 24
1851 36
1852 26
1853 12
1854 23
1855 24
1856 24
1857 23
1858 17
1859 12
1860 14
1861 26
1862 18
1863 25
1864 24
1865 31
1866 19
1867 28
1868 17
1869 19
1870 17
1871 39
1872 31
1873 15
1874 31
1875 38
1876 27
1877 37
1878 24
1879 34
1880 33
1881 31
1882 36
1883 27
1884 31
1885 30
1886 28
1887 27
1888 16
1889 19
1890 15
1891 24
1892 12
1893 8
1894 14
1895 24
1896 21
1897 17
1898 21
1899 24
1900 29
1901 20
1902 33
1903 21
1904 15
1905 19
1906 29
1907 18
1908 14
1909 25
1910 30
1911 18
1912 17
1913 16
1914 30
1915 24
1916 24
1917 33
1918 16
1919 27
1920 28
1921 15
1922 20
1923 19
1924 31
1925 22
1926 23
1927 35
1928 21
1929 27
1930 26
1931 14
1932 20
1933 10
1934 21
1935 33
1936 15
1937 15
1938 17
1939 18
1940 18
1941 17
1942 15
1943 25
1944 8
1945 16
1946 14
1947 20
1948 34
1949 24
1950 21
1951 17
1952 31
1953 29
1954 23
1955 25
1956 34
1957 29
1958 24
1959 13
1960 22
1961 15
1962 21
1963 33
1964 23
1965 18
1966 30
1967 29
1968 15
1969 33
1970 28
1971 20
1972 41
1973 22
1974 20
1975 17
1976 10
1977 24
1978 18
1979 33
1980 18
1981 28
1982 14
1983 15
1984 20
1985 23
1986 25
1987 18
1988 21
1989 25
1990 24
1991 23
1992 17
1993 25
1994 30
1995 20
1996 34
1997 19
1998 21
1999 24
2000 23
2001 9
2002 14
2003 11
2004 19
2005 18
2006 13
2007 15
2008 17
2009 32
2010 15
2011 27
2012 28
2013 28
2014 16
2015 23
2016 22
2017 17
2018 16
2019 11
2020 18
2021 23
2022 17
2023 16
2024 11
2025 23
2026 28
2027 15
2028 17
2029 20
2030 20
2031 21
2032 27
2033 30
2034 12
2035 23
2036 31
2037 20
2038 20
2039 20
2040 19
2041 23
2042 13
2043 10
2044 16
2045 25
2046 24
2047 33
2048 21
2049 39
2050 25
2051 26
2052 29
2053 32
2054 32
2055 19
2056 21
2057 25
2058 30
2059 14
2060 17
2061 21
2062 24
2063 18
2064 12
2065 13
2066 13
2067 19
2068 21
2069 17
2070 24
2071 15
2072 11
2073 18
2074 18
2075 79
2076 17
2077 17
2078 16
2079 15
2080 20
2081 16
2082 28
2083 19
2084 15
2085 21
2086 22
2087 19
2088 25
2089 20
2090 39
2091 25
2092 14
2093 21
2094 9
2095 23
2096 31
2097 22
2098 23
2099 22
2100 24
2101 28
2102 25
2103 14
2104 25
2105 22
2106 20
2107 23
2108 13
2109 12
2110 16
2111 14
2112 20
2113 30
2114 20
2115 15
2116 19
2117 22
2118 20
2119 19
2120 26
2121 18
2122 13
2123 20
2124 5
2125 26
2126 16
2127 10
2128 15
2129 28
2130 46
2131 24
2132 31
2133 29
2134 26
2135 20
2136 19
2137 13
2138 15
2139 16
2140 9
2141 19
2142 9
2143 7
2144 8
2145 25
2146 17
2147 13
2148 23
2149 18
2150 11
2151 29
2152 20
2153 19
2154 18
2155 17
2156 13
2157 17
2158 16
2159 22
2160 15
2161 15
2162 15
2163 14
2164 8
2165 21
2166 6
2167 16
2168 13
2169 18
2170 16
2171 9
2172 12
2173 15
2174 13
2175 10
2176 3
2177 2
2178 20
2179 16
2180 11
2181 14
2182 8
2183 11
2184 17
2185 14
2186 17
2187 20
2188 22
2189 21
2190 18
2191 16
2192 9
2193 13
2194 9
2195 4
2196 16
2197 6
2198 22
2199 7
2200 11
2201 15
2202 8
2203 7
2204 12
2205 19
2206 16
2207 13
2208 7
2209 20
2210 16
2211 9
2212 9
2213 7
2214 12
2215 14
2216 15
2217 21
2218 6
2219 17
2220 23
2221 14
2222 19
2223 18
2224 25
2225 29
2226 13
2227 12
2228 17
2229 19
2230 18
2231 17
2232 12
2233 17
2234 13
2235 10
2236 14
2237 21
2238 25
2239 17
2240 4
2241 13
2242 6
2243 15
2244 8
2245 5
2246 21
2247 13
2248 11
2249 15
2250 15
2251 19
2252 20
2253 12
2254 11
2255 15
2256 10
2257 18
2258 8
2259 14
2260 9
2261 11
2262 15
2263 13
2264 20
2265 13
2266 14
2267 11
2268 12
2269 21
2270 13
2271 16
2272 11
2273 11
2274 11
2275 3
2276 8
2277 12
2278 19
2279 13
2280 20
2281 12
2282 22
2283 14
2284 14
2285 16
2286 20
2287 13
2288 17
2289 13
2290 15
2291 15
2292 16
2293 10
2294 16
2295 15
2296 13
2297 11
2298 17
2299 20
2300 16
2301 17
2302 6
2303 10
2304 7
2305 12
2306 19
2307 10
2308 9
2309 11
2310 21
2311 15
2312 13
2313 7
2314 12
2315 14
2316 11
2317 12
2318 7
2319 14
2320 11
2321 5
2322 9
2323 16
2324 15
2325 12
2326 12
2327 12
2328 12
2329 10
2330 12
2331 5
2332 12
2333 5
2334 19
2335 14
2336 8
2337 12
2338 9
2339 12
2340 10
2341 7
2342 10
2343 16
2344 6
2345 13
2346 13
2347 11
2348 3
2349 6
2350 10
2351 14
2352 13
2353 8
2354 11
2355 6
2356 4
2357 9
2358 12
2359 14
2360 18
2361 20
2362 14
2363 16
2364 19
2365 18
2366 27
2367 18
2368 10
2369 15
2370 14
2371 14
2372 21
2373 12
2374 14
2375 17
2376 16
2377 17
2378 12
2379 17
2380 24
2381 12
2382 16
2383 14
2384 7
2385 8
2386 6
2388 8
2389 10
2390 9
2391 2
2392 11
2393 12
2394 14
2395 11
2396 23
2397 5
2398 8
2399 7
2400 10
2401 6
2402 9
2403 4
2404 23
2405 6
2406 8
2407 15
2408 15
2409 8
2410 3
2411 11
2412 12
2413 11
2414 12
2415 7
2416 10
2417 2
2418 5
2419 14
2420 3
2421 5
2422 9
2423 9
2424 6
2425 11
2426 8
2427 4
2428 10
2429 7
2430 8
2431 16
2432 24
2433 51
2434 14
2435 8
2436 15
2437 15
2438 5
2439 17
2440 10
2441 10
2442 5
2443 10
2444 16
2445 14
2446 10
2447 31
2448 7
2449 2
2450 6
2451 15
2452 9
2453 7
2454 13
2455 7
2456 23
2457 20
2458 4
2459 17
2460 17
2461 20
2462 11
2463 45
2464 21
2465 16
2466 16
2467 18
2468 16
2469 8
2470 8
2471 15
2472 9
2473 8
2474 7
2475 8
2476 7
2477 2
2478 7
2479 2
2480 3
2481 18
2482 4
2483 4
2484 9
2485 9
2486 6
2487 5
2488 11
2489 2
2490 5
2491 6
2492 3
2493 4
2494 3
2495 8
2496 2
2497 3
2498 7
2499 4
2500 8
2501 4
2502 8
2503 6
2504 2
2505 14
2506 3
2507 5
2508 3
2509 7
2510 8
2511 2
2513 8
2514 4
2515 7
2516 11
2517 4
2518 3
2519 9
2520 9
2521 5
2522 5
2523 8
2524 10
2525 5
2526 4
2527 9
2528 5
2529 6
2530 15
2531 5
2532 6
2533 6
2534 12
2535 13
2536 3
2537 6
2538 5
2539 4
2540 9
2541 6
2542 9
2543 12
2544 10
2545 8
2546 8
2547 3
2548 5
2549 12
2550 10
2551 15
2552 10
2553 10
2554 10
2555 8
2556 6
2557 11
2558 6
2560 5
2561 9
2562 3
2563 5
2564 9
2565 5
2566 8
2567 2
2568 6
2569 8
2570 3
2571 12
2572 13
2573 14
2574 8
2575 5
2576 11
2577 3
2578 10
2579 7
2580 8
2581 15
2582 10
2583 11
2584 4
2585 8
2586 10
2587 7
2588 9
2589 8
2590 4
2591 9
2592 7
2593 8
2594 6
2595 3
2596 7
2597 7
2598 7
2599 5
2600 3
2601 6
2602 9
2604 6
2605 10
2606 2
2607 8
2608 8
2609 9
2610 3
2611 8
2612 3
2613 8
2614 5
2615 7
2616 6
2617 8
2618 4
2619 4
2620 8
2621 9
2622 8
2623 14
2624 10
2625 6
2626 2
2627 6
2628 4
2629 7
2630 2
2631 10
2632 7
2633 9
2634 10
2635 8
2636 10
2637 14
2638 7
2639 9
2640 6
2641 10
2642 4
2643 9
2644 6
2645 2
2646 9
2647 11
2648 10
2649 4
2650 3
2651 2
2652 7
2653 5
2654 4
2655 2
2656 2
2657 8
2658 10
2659 6
2660 9
2661 4
2662 7
2663 6
2664 13
2665 9
2666 6
2668 4
2669 3
2670 4
2671 12
2672 10
2673 6
2674 5
2675 11
2676 7
2677 7
2678 4
2679 7
2680 3
2681 9
2682 5
2683 4
2684 6
2685 8
2686 4
2687 2
2688 3
2689 2
2690 9
2691 6
2692 17
2693 14
2694 8
2695 6
2696 19
2697 3
2698 9
2699 5
2700 8
2701 8
2702 5
2703 7
2704 8
2705 3
2706 3
2707 6
2708 6
2709 4
2710 16
2711 1
2712 6
2713 4
2714 6
2715 2
2716 9
2717 2
2718 6
2719 5
2720 8
2721 4
2722 6
2723 8
2724 4
2725 6
2726 8
2727 5
2728 6
2729 5
2730 5
2731 7
2732 5
2733 9
2734 6
2735 8
2736 8
2737 10
2738 11
2739 4
2740 4
2741 10
2742 8
2743 5
2744 6
2745 9
2746 9
2747 7
2748 3
2749 11
2750 9
2751 3
2752 8
2753 6
2754 9
2755 4
2756 5
2757 8
2758 6
2759 3
2760 7
2762 8
2763 7
2764 3
2765 2
2766 7
2767 12
2768 3
2769 3
2770 4
2771 5
2773 5
2774 2
2775 6
2776 9
2777 10
2778 3
2779 2
2780 8
2781 8
2782 6
2783 6
2785 2
2786 3
2787 6
2788 2
2789 14
2790 5
2791 7
2792 6
2793 6
2794 9
2795 9
2796 8
2797 6
2798 4
2799 7
2800 8
2801 9
2802 3
2803 6
2804 6
2805 10
2806 6
2807 3
2808 7
2810 11
2811 9
2812 4
2813 6
2814 3
2815 2
2816 5
2817 9
2818 4
2819 15
2820 1
2821 4
2822 2
2823 9
2824 3
2825 9
2826 7
2827 4
2828 6
2829 4
2830 7
2831 10
2832 14
2833 7
2834 10
2835 3
2836 11
2837 7
2838 8
2839 7
2840 2
2841 8
2843 13
2844 2
2845 15
2846 5
2847 4
2848 5
2849 3
2850 7
2851 10
2852 3
2853 13
2854 6
2855 14
2856 3
2857 9
2858 4
2859 15
2860 5
2861 20
2862 11
2863 4
2864 6
2865 4
2866 13
2867 5
2868 6
2869 5
2870 7
2871 5
2872 14
2873 7
2874 7
2875 8
2876 6
2877 27
2878 5
2879 16
2880 9
2881 8
2882 4
2883 10
2884 6
2885 7
2886 3
2887 10
2888 6
2889 11
2890 8
2891 29
2892 7
2893 8
2894 7
2895 3
2896 9
2897 9
2898 7
2899 5
2900 2
2901 3
2902 6
2903 4
2904 10
2905 8
2906 9
2907 6
2908 8
2909 4
2910 12
2911 1
2912 8
2913 6
2914 6
2915 2
2916 8
2917 5
2918 3
2919 3
2920 9
2921 10
2922 10
2923 4
2924 11
2925 4
2926 6
2927 6
2928 9
2929 1
2930 6
2932 4
2933 7
2934 2
2935 5
2936 7
2937 6
2938 10
2939 3
2940 4
2941 4
2942 7
2943 2
2944 8
2945 6
2946 4
2947 7
2948 16
2949 11
2950 10
2951 9
2952 5
2953 9
2954 9
2955 11
2956 4
2957 16
2958 5
2959 6
2960 11
2961 4
2962 15
2963 8
2964 17
2965 7
2966 11
2967 8
2968 4
2969 8
2970 5
2971 13
2972 5
2973 19
2974 7
2975 16
2976 3
2977 14
2978 5
2979 17
2980 8
2981 6
2982 6
2983 6
2984 10
2985 8
2986 7
2987 9
2988 13
2989 10
2990 5
2991 8
2992 15
2993 7
2994 9
2995 7
2996 9
2997 11
2998 17
2999 6
3000 12
3001 10
3002 14
3003 11
3004 15
3005 23
3006 3
3007 13
3008 6
3009 11
3010 2
3011 4
3012 5
3013 6
3014 8
3015 9
3016 11
3017 5
3018 4
3019 3
3020 13
3021 5
3022 13
3023 7
3024 13
3025 8
3026 8
3027 12
3028 10
3029 7
3030 7
3031 7
3032 13
3033 10
3034 11
3035 9
3036 14
3037 9
3038 10
3039 5
3040 7
3041 12
3042 3
3043 13
3044 6
3045 11
3046 11
3047 9
3048 18
3049 3
3050 10
3051 5
3052 9
3053 11
3054 3
3055 10
3056 8
3057 8
3058 8
3059 9
3060 10
3061 9
3062 17
3063 8
3064 16
3065 5
3066 21
3067 10
3068 15
3069 8
3070 9
3071 9
3072 24
3073 10
3074 16
3075 11
3076 6
3077 10
3078 10
3079 8
3080 7
3081 8
3082 8
3083 14
3084 7
3085 6
3086 8
3087 6
3089 12
3090 9
3091 8
3092 12
3093 12
3094 14
3095 6
3096 6
3097 4
3098 10
3099 17
3100 2
3101 11
3102 7
3103 14
3104 23
3105 16
3106 18
3107 8
3108 15
3109 9
3110 11
3111 5
3112 14
3113 6
3114 8
3115 11
3116 9
3117 6
3118 7
3119 9
3120 21
3121 9
3122 3
3123 7
3124 6
3125 8
3126 12
3127 8
3128 5
3129 11
3130 10
3131 15
3132 11
3133 7
3134 6
3135 9
3136 13
3137 12
3138 9
3139 21
3140 14
3141 11
3142 7
3143 20
3144 6
3145 11
3146 8
3147 6
3148 11
3149 15
3150 11
3151 17
3152 13
3153 9
3154 18
3155 16
3156 12
3157 18
3158 17
3159 21
3160 16
3161 9
3162 11
3163 14
3164 10
3165 19
3166 10
3167 23
3168 11
3169 17
3170 11
3171 16
3172 17
3173 15
3174 7
3175 8
3176 8
3177 13
3178 4
3179 15
3180 12
3181 7
3182 8
3183 5
3184 5
3185 8
3186 8
3187 6
3188 8
3189 8
3190 1
3191 7
3192 2
3193 3
3194 3
3195 3
3196 4
3197 4
3198 5
3199 6
3200 10
3201 10
3202 9
3203 6
3204 4
3205 8
3206 1
3207 6
3208 13
3209 9
3210 10
3211 8
3212 5
3213 9
3214 16
3215 8
3216 7
3217 7
3218 6
3219 9
3220 9
3221 6
3222 5
3223 13
3224 11
3225 8
3226 8
3227 20
3228 7
3229 8
3230 11
3231 14
3232 7
3233 10
3234 6
3235 11
3236 8
3237 9
3238 4
3239 16
3240 11
3241 4
3242 9
3243 7
3244 10
3245 18
3246 13
3247 6
3248 12
3249 6
3250 10
3251 9
3252 7
3253 22
3254 6
3255 8
3256 11
3257 10
3258 4
3259 6
3260 8
3261 11
3262 13
3263 17
3264 29
3265 6
3266 3
3267 7
3268 34
3269 9
3270 25
3271 8
3272 6
3273 33
3274 6
3275 9
3276 19
3277 7
3278 9
3279 32
3280 2
3281 11
3282 5
3283 36
3284 7
3285 31
3286 11
3287 9
3288 5
3289 12
3290 9
3291 27
3292 29
3293 11
3294 15
3295 12
3296 15
3297 30
3298 12
3299 7
3300 16
3301 6
3302 26
3303 12
3304 31
3305 10
3306 23
3307 14
3308 10
3309 8
3310 19
3311 9
3312 20
3313 28
3314 6
3315 13
3316 16
3317 21
3318 11
3319 10
3320 9
3321 16
3322 14
3323 10
3324 36
3325 18
3326 13
3327 14
3328 11
3329 38
3330 14
3331 7
3332 9
3333 21
3334 24
3335 17
3336 9
3337 10
3338 4
3339 5
3340 11
3341 16
3342 12
3343 11
3344 10
3345 11
3346 3
3347 15
3348 6
3349 14
3350 3
3351 8
3352 9
3353 12
3354 9
3355 7
3356 10
3357 9
3358 7
3359 13
3360 10
3361 30
3362 11
3363 6
3364 9
3365 6
3366 10
3367 2
3368 6
3369 7
3370 12
3371 3
3372 11
3373 8
3374 26
3375 8
3376 6
3377 8
3378 5
3379 13
3380 14
3381 7
3382 2
3383 7
3384 1
3385 5
3386 8
3387 20
3388 11
3389 15
3390 8
3391 27
3392 7
3393 15
3394 13
3395 10
3396 10
3397 22
3398 18
3399 14
3400 15
3401 13
3402 16
3403 16
3404 20
3405 19
3406 7
3407 7
3408 13
3409 9
3410 18
3411 12
3412 6
3413 9
3414 9
3415 20
3416 13
3417 18
3418 9
3419 11
3420 19
3421 33
3422 44
3423 8
3424 6
3425 12
3426 8
3427 6
3428 19
3429 4
3430 7
3431 25
3432 9
3433 22
3434 21
3435 9
3436 11
3437 5
3438 32
3439 5
3440 19
3441 13
3442 12
3443 14
3444 14
3445 4
3446 8
3447 9
3448 7
3449 7
3450 29
3451 24
3452 4
3453 20
3454 6
3455 8
3456 4
3457 5
3458 2
3459 9
3460 13
3461 9
3462 19
3463 4
3464 11
3465 9
3466 15
3467 27
3468 25
3469 4
3470 21
3471 16
3472 10
3473 8
3474 17
3475 12
3476 26
3477 7
3478 12
3479 9
3480 6
3481 10
3482 37
3483 6
3484 31
3485 10
3486 18
3487 6
3488 8
3489 6
3490 46
3491 21
3492 8
3493 4
3494 6
3495 5
3496 28
3497 6
3498 6
3499 11
3500 8
3501 3
3502 5
3503 24
3504 6
3505 35
3506 6
3507 11
3508 10
3509 7
3510 7
3511 58
3512 3
3513 12
3514 14
3515 15
3516 6
3517 6
3518 25
3519 8
3520 6
3521 44
3522 18
3523 11
3524 20
3525 3
3526 5
3527 9
3528 6
3529 10
3530 8
3531 2
3532 8
3533 9
3534 10
3535 28
3536 20
3537 23
3538 4
3539 2
3540 6
3541 4
3542 3
3543 8
3544 33
3545 10
3546 9
3547 13
3548 12
3549 5
3550 6
3551 6
3552 6
3553 6
3554 8
3555 9
3556 30
3557 9
3558 13
3559 29
3560 26
3561 13
3562 10
3563 12
3564 11
3565 3
3566 11
3567 7
3568 9
3569 7
3570 17
3571 6
3572 20
3573 7
3574 20
3575 12
3576 16
3577 9
3578 14
3579 12
3580 8
3581 7
3582 8
3583 28
3584 11
3585 14
3586 7
3587 10
3588 36
3589 11
3590 17
3591 7
3592 8
3593 8
3594 20
3595 8
3596 8
3597 17
3598 8
3599 7
3600 20
3601 11
3602 12
3603 8
3604 13
3605 33
3606 13
3607 7
3608 5
3609 3
3610 8
3611 18
3612 15
3613 16
3614 7
3615 15
3616 8
3617 8
3618 6
3619 15
3620 13
3621 20
3622 8
3623 4
3624 5
3625 15
3626 7
3627 18
3628 14
3629 8
3630 7
3631 13
3632 10
3633 5
3634 5
3635 3
3636 12
3637 11
3638 20
3639 7
3640 5
3641 3
3642 9
3643 14
3644 6
3645 8
3646 10
3647 8
3648 9
3649 4
3650 24
3651 20
3652 16
3653 9
3654 2
3655 8
3656 13
3657 11
3658 11
3659 13
3660 13
3661 20
3662 13
3663 48
3664 3
3665 19
3666 13
3667 23
3668 14
3669 5
3670 14
3671 15
3672 6
3673 12
3674 4
3675 20
3676 7
3677 5
3678 26
3679 5
3680 10
3681 10
3682 9
3683 24
3684 15
3685 16
3686 9
3687 18
3688 6
3689 2
3690 7
3691 8
3692 6
3693 8
3694 10
3695 8
3696 29
3697 14
3698 6
3699 35
3700 7
3701 7
3702 3
3703 5
3704 16
3705 6
3706 18
3707 5
3708 17
3709 6
3710 19
3711 1
3712 11
3713 23
3714 9
3715 1
3716 2
3717 10
3718 5
3719 3
3720 4
3721 3
3722 5
3723 2
3724 4
3725 3
3726 24
3727 3
3728 12
3729 2
3730 6
3731 16
3732 5
3733 1
3734 5
3735 16
3736 4
3737 13
3738 25
3739 11
3740 3
3741 28
3742 6
3743 11
3744 2
3745 3
3746 1
3747 12
3748 4
3749 3
3750 5
3751 3
3752 1
3753 3
3754 3
3755 2
3756 16
3757 2
3758 2
3759 2
3760 2
3761 4
3762 7
3763 2
3764 4
3765 1
3766 6
3767 3
3768 2
3769 8
3770 2
3771 5
3772 1
3773 30
3774 3
3775 5
3776 1
3777 4
3778 1
3779 3
3780 2
3781 3
3782 4
3783 4
3784 5
3785 8
3786 7
3787 3
3788 3
3789 3
3790 3
3791 5
3792 5
3793 4
3794 6
3795 44
3796 4
3797 4
3798 8
3799 3
3800 13
3801 3
3802 4
3803 4
3804 4
3805 2
3806 2
3807 3
3808 4
3809 2
3810 2
3811 2
3812 2
3813 8
3814 3
3815 3
3816 1
3817 14
3818 37
3819 2
3820 2
3821 4
3822 1
3823 3
3824 1
3825 33
3826 5
3827 6
3828 1
3829 2
3830 7
3831 4
3832 5
3833 3
3834 5
3835 17
3836 6
3837 8
3838 9
3839 15
3840 4
3841 6
3842 1
3843 8
3844 7
3845 7
3846 3
3847 19
3848 5
3849 4
3850 5
3851 11
3852 10
3853 9
3854 3
3855 2
3856 2
3857 5
3858 1
3859 4
3860 8
3861 39
3862 29
3863 17
3864 9
3865 2
3866 8
3867 6
3868 5
3869 2
3870 15
3871 4
3872 3
3873 3
3874 2
3875 3
3876 7
3877 4
3878 3
3879 11
3880 5
3881 12
3882 14
3883 6
3884 2
3885 3
3886 2
3887 3
3888 3
3889 5
3890 16
3891 10
3892 4
3893 10
3894 3
3895 4
3896 3
3897 3
3898 2
3899 3
3900 7
3901 12
3902 6
3903 10
3904 5
3905 6
3906 13
3907 3
3908 2
3909 3
3910 2
3911 2
3912 3
3913 10
3914 4
3915 1
3916 3
3917 6
3918 3
3919 5
3920 13
3921 3
3922 5
3923 3
3924 3
3925 1
3926 1
3927 5
3928 6
3929 6
3930 2
3931 1
3932 4
3933 2
3934 2
3935 4
3936 19
3937 2
3938 3
3939 1
3940 1
3941 4
3942 4
3943 5
3944 19
3945 4
3946 2
3947 3
3948 6
3949 1
3950 2
3951 1
3952 3
3953 14
3954 3
3955 6
3956 6
3957 5
3958 17
3959 14
3960 3
3961 8
3962 5
3963 12
3964 7
3965 7
3966 3
3967 4
3968 7
3969 9
3970 2
3971 17
3972 6
3973 8
3974 1
3975 11
3976 3
3977 3
3978 7
3979 1
3980 25
3981 13
3982 3
3983 6
3984 23
3985 8
3986 3
3987 11
3988 6
3989 8
3990 15
3991 9
3992 2
3993 4
3994 4
3995 13
3996 29
3997 10
3998 3
3999 6
4000 6
4001 4
4002 2
4003 2
4004 3
4005 5
4006 1
4007 1
4008 7
4009 9
4010 35
4011 1
4012 10
4013 8
4014 2
4015 9
4016 5
4017 11
4018 12
4019 7
4020 3
4021 6
4022 4
4023 1
4024 2
4025 2
4026 5
4027 15
4028 9
4029 4
4030 6
4031 5
4032 1
4033 1
4034 12
4035 5
4036 17
4037 15
4038 6
4039 4
4040 4
4041 1
4042 6
4043 5
4044 10
4045 5
4046 4
4047 3
4048 10
4049 2
4050 4
4051 2
4052 21
4053 5
4054 2
4055 21
4056 5
4057 1
4058 19
4059 4
4060 1
4061 4
4062 2
4063 5
4064 3
4065 7
4066 1
4067 1
4068 34
4069 32
4070 10
4071 5
4072 4
4073 2
4074 21
4075 11
4076 3
4077 4
4078 3
4079 1
4080 3
4081 3
4082 1
4083 10
4084 22
4085 1
4086 3
4087 10
4088 9
4089 7
4090 5
4091 8
4092 20
4093 5
4094 1
4095 7
4096 13
4097 2
4098 2
4099 4
4100 2
4101 1
4102 1
4103 2
4104 1
4105 38
4106 1
4107 4
4108 2
4109 33
4110 12
4111 3
4112 2
4113 6
4114 29
4115 1
4116 35
4117 42
4118 6
4119 22
4120 5
4121 5
4122 12
4123 14
4124 52
4125 6
4126 2
4127 2
4128 118
4129 14
4130 3
4131 117
4132 87
4133 4
4134 7
4135 10
4136 14
4137 17
4138 2
4139 18
4140 2
4141 1
4142 1
4143 31
4144 4
4145 3
4146 2
4147 1
4148 1
4149 3
4150 2
4151 1
4152 5
4153 4
4154 6
4155 3
4156 7
4157 31
4158 4
4159 5
4160 4
4161 9
4162 2
4163 15
4164 8
4165 2
4166 3
4167 4
4168 1
4169 2
4170 36
4171 3
4172 5
4173 1
4174 1
4175 3
4176 2
4177 1
4178 3
4179 3
4180 1
4181 1
4182 1
4183 1
4184 10
4185 3
4186 2
4187 5
4188 52
4189 4
4190 1
4191 1
4192 2
4193 4
4194 2
4195 6
4196 11
4197 3
4198 2
4199 2
4200 3
4201 1
4202 2
4203 4
4204 2
4205 1
4206 3
4207 2
4208 2
4209 6
4210 2
4211 3
4212 3
4213 7
4214 8
4215 1
4216 1
4217 1
4218 4
4219 3
4220 1
4221 1
4222 1
4223 1
4224 3
4225 4
4226 4
4227 4
4228 3
4229 2
4230 2
4231 2
4232 1
4233 4
4234 1
4235 3
4236 2
4237 1
4238 2
4239 7
4240 24
4241 8
4242 12
4243 2
4244 63
4245 3
4246 31
4247 2
4248 2
4249 2
4250 3
4251 8
4252 3
4253 3
4254 4
4255 2
4256 4
4257 5
4258 2
4259 1
4260 7
4261 10
4262 2
4263 4
4264 1
4265 10
4266 2
4267 6
4268 7
4269 4
4270 5
4271 1
4272 1
4273 2
4274 1
4275 9
4276 44
4277 18
4278 35
4279 1
4280 12
4281 12
4282 2
4283 41
4284 8
4285 3
4286 3
4287 9
4288 5
4289 7
4290 1
4291 2
4292 7
4293 1
4294 2
4295 3
4296 3
4297 2
4298 18
4299 2
4300 7
4301 10
4302 19
4303 9
4304 19
4305 19
4306 1
4307 3
4308 6
4309 15
4310 1
4311 8
4312 2
4313 2
4314 4
4315 5
4316 68
4317 2
4318 2
4319 19
4320 7
4321 3
4322 29
4323 21
4324 2
4325 3
4326 4
4327 5
4328 4
4329 3
4330 21
4331 4
4332 2
4333 20
4334 3
4335 6
4336 2
4337 4
4338 11
4339 1
4340 1
4341 4
4342 11
4343 2
4344 5
4345 1
4346 1
4347 3
4348 1
4349 4
4350 2
4351 8
4352 31
4353 1
4354 5
4355 1
4356 6
4357 1
4358 5
4359 6
4360 1
4361 2
4362 6
4363 11
4364 5
4365 3
4366 13
4367 3
4368 12
4369 4
4370 3
4371 2
4372 4
4373 4
4374 16
4375 10
4376 9
4377 5
4378 7
4379 2
4380 8
4381 7
4382 2
4383 7
4384 2
4385 1
4386 4
4387 12
4388 8
4389 18
4390 5
4391 57
4392 3
4393 262
4394 1
4395 3
4396 1
4397 1
4398 2
4399 1
4400 5
4401 3
4402 1
4403 3
4404 2
4405 1
4406 3
4407 2
4408 4
4409 1
4410 3
4411 3
4412 3
4413 7
4414 2
4415 2
4416 1
4417 1
4418 2
4419 2
4420 3
4421 2
4422 2
4423 14
4424 4
4425 4
4426 10
4427 2
4428 9
4429 1
4430 4
4431 3
4432 4
4433 1
4434 3
4435 7
4436 2
4437 6
4438 8
4439 25
4440 18
4441 2
4442 3
4443 2
4444 4
4445 63
4446 3
4447 1
4448 2
4449 2
4450 8
4451 3
4452 4
4453 6
4454 12
4455 1
4456 4
4457 3
4458 14
4459 4
4460 11
4461 1
4462 11
4463 28
4464 14
4465 4
4466 16
4467 12
4468 11
4469 20
4470 4
4471 7
4472 18
4473 14
4474 14
4475 3
4476 14
4477 27
4478 6
4479 5
4480 3
4481 30
4482 3
4483 17
4484 6
4485 38
4486 49
4487 8
4488 5
4489 6
4490 2
4491 6
4492 56
4493 3
4494 4
4495 7
4496 3
4497 1
4498 2
4499 1
4500 5
4501 3
4502 3
4503 4
4504 2
4505 13
4506 2
4507 3
4508 1
4509 1
4510 1
4511 1
4512 1
4513 9
4514 4
4515 12
4516 14
4517 27
4518 4
4519 5
4520 12
4521 5
4522 11
4523 3
4524 17
4525 16
4526 2
4527 12
4528 15
4529 4
4530 11
4531 1
4532 7
4533 6
4534 2
4535 8
4536 14
4537 2
4538 1
4539 5
4540 1
4541 11
4542 1
4543 2
4544 4
4545 38
4546 7
4547 16
4548 1
4549 1
4550 4
4551 10
4552 34
4553 8
4554 2
4555 5
4556 6
4557 13
4558 11
4559 6
4560 5
4561 9
4562 155
4563 1
4564 2
4565 2
4566 4
4567 5
4568 4
4569 3
4570 1
4571 3
4572 6
4573 2
4574 3
4575 6
4576 8
4577 1
4578 6
4579 1
4580 1
4581 1
4582 22
4583 3
4584 2
4585 5
4586 6
4587 55
4588 2
4589 45
4590 5
4591 18
4592 9
4593 4
4594 15
4595 23
4596 6
4597 7
4598 10
4599 2
4600 3
4601 1
4602 5
4603 8
4604 8
4605 25
4606 5
4607 7
4608 3
4609 4
4610 5
4611 9
4612 9
4613 68
4614 5
4615 3
4616 3
4617 5
4618 6
4619 5
4620 4
4621 4
4622 5
4623 33
4624 16
4625 3
4626 6
4627 19
4628 2
4629 44
4630 5
4631 3
4632 24
4633 14
4634 8
4635 3
4636 6
4637 2
4638 15
4639 13
4640 3
4641 1
4642 7
4643 7
4644 3
4645 3
4646 2
4647 3
4648 9
4649 16
4650 21
4651 2
4652 6
4653 6
4654 30
4655 2
4656 2
4657 12
4658 6
4659 1
4660 6
4661 5
4662 1
4663 2
4664 2
4665 2
4666 27
4667 45
4668 4
4669 4
4670 10
4671 15
4672 18
4673 4
4674 2
4675 3
4676 4
4677 9
4678 12
4679 3
4680 3
4681 23
4682 4
4683 10
4684 2
4685 47
4686 2
4687 1
4688 21
4689 4
4690 2
4691 4
4692 9
4693 1
4694 6
4695 3
4696 6
4697 34
4698 94
4699 9
4700 8
4701 1
4702 15
4703 2
4704 4
4705 3
4706 1
4707 57
4708 36
4709 7
4710 2
4711 4
4712 13
4713 8
4714 4
4715 9
4716 13
4717 6
4718 9
4719 9
4720 10
4721 2
4722 1
4723 1
4724 8
4725 2
4726 2
4727 22
4728 16
4729 1
4730 2
4731 16
4732 3
4733 1
4734 3
4735 16
4736 7
4737 5
4738 23
4739 5
4740 9
4741 13
4742 31
4743 8
4744 30
4745 4
4746 165
4747 2
4748 2
4749 3
4750 2
4751 5
4752 8
4753 2
4754 1
4755 5
4756 3
4757 2
4758 6
4759 4
4760 8
4761 12
4762 7
4763 3
4764 21
4765 3
4766 4
4767 2
4768 2
4769 6
4770 2
4771 5
4772 4
4773 2
4774 3
4775 1
4776 5
4777 5
4778 3
4779 3
4780 40
4781 13
4782 14
4783 4
4784 1
4785 1
4786 3
4787 24
4788 1
4789 4
4790 1
4791 2
4792 3
4793 2
4794 5
4795 3
4796 1
4797 2
4798 2
4799 5
4800 2
4801 3
4802 1
4803 1
4804 29
4805 5
4806 28
4807 5
4808 67
4809 25
4810 16
4811 15
4812 12
4813 51
4814 2
4815 2
4816 5
4817 5
4818 2
4819 5
4820 5
4821 1
4822 21
4823 7
4824 122
4825 4
4826 1
4827 1
4828 1
4829 3
4830 21
4831 1
4832 5
4833 5
4834 5
4835 5
4836 23
4837 1
4838 54
4839 1
4840 13
4841 6
4842 1
4843 2
4844 36
4845 11
4846 19
4847 15
4848 3
4849 3
4850 37
4851 2
4852 52
4853 22
4854 3
4855 1
4856 1
4857 3
4858 4
4859 4
4860 3
4861 2
4862 1
4863 4
4864 3
4865 1
4866 13
4867 3
4868 67
4869 23
4870 30
4871 38
4872 10
4873 15
4874 104
4875 147
4876 3
4877 1
4878 20
4879 109
4880 1
4881 1
4882 1
4883 1
4884 2
4885 30
4886 65
4887 3
4888 2
4889 30
4890 855
4891 1
4892 1
4893 1
4894 5
4895 4
4896 2
4897 1
4898 1
4899 1
4900 3
4901 3
4902 1
4903 1
4904 7
4905 3
4906 1
4907 3
4908 11
4909 1
4910 1
4911 1
4912 2
4913 1
4914 3
4915 1
4916 6
4917 4
4918 1
4919 2
4920 1
4921 3
4922 1
4923 2
4924 6
4925 10
4926 21
4927 2
4928 5
4929 1
4930 1
4931 4
4932 4
4933 20
4934 5
4935 1
4936 19
4937 5
4938 11
4939 44
4940 13
4941 32
4942 6
4943 91
4944 6
4945 8
4946 19
4947 36
4948 1
4949 36
4950 11
4951 1
4952 53
4953 130
4954 10
4955 3
4956 3
4957 47
4958 14
4959 1
4960 14
4961 13
4962 6
4963 10
4964 14
4965 6
4966 20
4967 16
4968 11
4969 1
4970 3
4971 4
4972 3
4973 3
4974 8
4975 17
4976 5
4977 1
4978 4
4979 3
4980 3
4981 12
4982 15
4983 2
4984 12
4985 3
4986 14
4987 29
4988 12
4989 24
4990 19
4991 5
4992 41
4993 1
4994 15
4995 8
4996 61
4997 27
4998 46
4999 2
5000 5
5001 204
5002 93
5003 90
5004 33
5005 14
5006 8
5007 10
5008 36
5009 1
5010 4
5011 5
5012 30
5013 8
5014 9
5015 4
5016 7
5017 8
5018 5
5019 40
5020 2
5021 6
5022 10
5023 4
5024 9
5025 1
5026 5
5027 2
5028 2
5029 7
5030 2
5031 2
5032 32
5033 19
5034 1
5035 14
5036 11
5037 36
5038 10
5039 16
5040 13
5041 15
5042 3
5043 18
5044 4
5045 5
5046 7
5047 1
5048 6
5049 1
5050 3
5051 2
5052 1
5053 4
5054 1
5055 3
5056 6
5057 5
5058 6
5059 2
5060 4
5061 4
5062 4
5063 3
5064 2
5065 4
5066 2
5067 2
5068 8
5069 3
5070 13
5071 5
5072 1
5073 2
5074 2
5075 3
5076 10
5077 9
5078 10
5079 8
5080 1
5081 1
5082 2
5083 4
5084 45
5085 6
5086 13
5087 12
5088 16
5089 29
5090 3
5091 4
5092 15
5093 4
5094 6
5095 13
5096 30
5097 15
5098 11
5099 12
5100 22
5101 15
5102 9
5103 11
5104 16
5105 10
5106 10
5107 14
5108 7
5109 3
5110 3
5111 26
5112 7
5113 30
5114 16
5115 12
5116 24
5117 5
5118 32
5119 17
5120 1
5121 2
5122 2
5123 3
5124 10
5125 26
5126 9
5127 21
5128 10
5129 10
5130 6
5131 2
5132 5
5133 38
5134 2
5135 6
5136 7
5137 9
5138 17
5139 18
5140 6
5141 11
5142 28
5143 28
5144 38
5145 50
5146 34
5147 3
5148 6
5149 25
5150 16
5151 11
5152 4
5153 23
5154 13
5155 12
5156 7
5157 11
5158 11
5159 27
5160 22
5161 6
5162 14
5163 11
5164 95
5165 1
5166 10
5167 21
5168 14
5169 15
5170 7
5171 24
5172 3
5173 6
5174 10
5175 3
5176 13
5177 9
5178 17
5179 34
5180 19
5181 39
5182 10
5183 34
5184 6
5185 37
5186 15
5187 6
5188 5
5189 25
5190 11
5191 139
5192 8
5193 20
5194 9
5195 23
5196 6
5197 7
5198 21
5199 4
5200 8
5201 29
5202 29
5203 8
5204 14
5205 24
5206 17
5207 9
5208 8
5209 6
5210 2
5211 4
5212 15
5213 21
5214 694
5215 4
5216 1
5217 8
5218 6
5219 9
5220 9
5221 1
5222 1
5223 1
5224 1
5225 2
5226 2
5227 4
5228 6
5229 6
5230 2
5231 3
5232 2
5233 1
5234 6
5235 1
5236 2
5237 2
5238 2
5239 2
5240 4
5241 1
5242 5
5243 6
5244 4
5245 8
5246 3
5247 1
5248 1
5249 1
5250 4
5251 5
5252 10
5253 2
5254 12
5255 13
5256 15
5257 19
5258 3
5259 8
5260 7
5261 77
5262 25
5263 4
5264 26
5265 4
5266 9
5267 47
5268 44
5269 9
5270 20
5271 25
5272 17
5273 13
5274 20
5275 40
5276 5
5277 57
5278 32
5279 29
5280 2
5281 24
5282 9
5283 5
5284 24
5285 33
5286 2
5287 2
5288 4
5289 23
5290 6
5291 28
5292 19
5293 5
5294 3
5295 9
5296 9
5297 11
5298 3
5299 9
5300 27
5301 24
5302 48
5303 5
5304 12
5305 23
5306 3
5307 3
5308 26
5309 1
5310 5
5311 97
5312 1
5313 3
5314 1
5315 1
5316 93
5317 5
5318 43
5319 78
5320 21
5321 56
5322 13
5323 11
5324 49
5325 337
5326 6
5327 1
5328 8
5329 3
5330 2
5331 3
5332 3
5333 5
5334 1
5335 1
5336 3
5337 2
5338 1
5339 4
5340 1
5341 3
5342 1
5343 1
5344 9
5345 31
5346 3
5347 58
5348 27
5349 10
5350 4
5351 42
5352 11
5353 21
5354 18
5355 17
5356 162
5357 38
5358 1
5359 16
5360 77
5361 1
5362 13
5363 26
5364 2
5365 3
5366 17
5367 2
5368 3
5369 4
5370 2
5371 23
5372 4
5373 32
5374 87
5375 1
5376 16
5377 22
5378 1
5379 19
5380 2
5381 67
5382 3
5383 17
5384 13
5385 19
5386 2
5387 4
5388 5
5389 5
5390 28
5391 79
5392 19
5393 5
5394 4
5395 4
5396 3
5397 334
5398 2
5399 5
5400 3
5401 2
5402 3
5403 3
5404 1
5405 4
5406 5
5407 1
5408 1
5409 4
5410 4
5411 8
5412 9
5413 9
5414 3
5415 3
5416 2
5417 5
5418 2
5419 3
5420 16
5421 6
5422 10
5423 1
5424 4
5425 3
5426 3
5427 1
5428 5
5429 9
5430 17
5431 17
5432 3
5433 3
5434 4
5435 4
5436 3
5437 19
5438 1
5439 4
5440 10
5441 22
5442 21
5443 7
5444 2
5445 7
5446 3
5447 10
5448 20
5449 16
5450 3
5451 55
5452 6
5453 6
5454 3
5455 29
5456 41
5457 14
5458 35
5459 15
5460 4
5461 40
5462 13
5463 8
5464 15
5465 6
5466 2
5467 2
5468 18
5469 2
5470 28
5471 1
5472 2
5473 3
5474 12
5475 48
5476 3
5477 90
5478 2
5479 37
5480 17
5481 107
5482 10
5483 11
5484 6
5485 1
5486 9
5487 3
5488 1
5489 10
5490 4
5491 31
5492 1
5493 45
5494 1
5495 14
5496 18
5497 6
5498 23
5499 277
5500 123
5501 24
5502 515
5503 1
5504 16
5505 2
5506 3
5507 12
5508 31
5509 138
5510 12
5511 9
5512 1
5513 2
5514 39
5515 30
5516 2
5517 3
5518 152
5519 86
5520 66
5521 268
5522 2
5523 130
5524 20
5525 10
5526 17
5527 5
5528 2
5529 14
5530 2
5531 3
5532 45
5533 37
5534 58
5535 2
5536 16
5537 29
5538 6
5539 40
5540 3
5541 20
5542 27
5543 30
5544 1
5545 1
5546 4
5547 8
5548 6
5549 11
5550 18
5551 5
5552 85
5553 1
5554 66
5555 1
5556 3
5557 1
5558 2
5559 1
5560 1
5561 1
5562 2
5563 3
5564 8
5565 2
5566 42
5567 3
5568 12
5569 24
5570 1
5571 9
5572 7
5573 1
5574 14
5575 2
5576 4
5577 3
5578 1
5579 2
5580 1
5581 2
5582 15
5583 3
5584 6
5585 8
5586 4
5587 6
5588 7
5589 1
5590 7
5591 1
5592 1
5593 2
5594 6
5595 2
5596 14
5597 6
5598 5
5599 11
5600 5
5601 2
5602 1
5603 9
5604 2
5605 2
5606 1
5607 5
5608 3
5609 5
5610 5
5611 6
5612 18
5613 10
5614 3
5615 2
5616 2
5617 2
5618 5
5619 2
5620 2
5621 18
5622 29
5623 1
5624 3
5625 1
5626 3
5627 12
5628 1
5629 8
5630 5
5631 13
5632 1
5633 2
5634 1
5635 3
5636 1
5637 6
5638 5
5639 3
5640 1
5641 3
5642 1
5643 1
5644 1
5645 3
5646 11
5647 17
5648 1
5649 12
5650 22
5651 1
5652 1
5653 7
5654 9
5655 2
5656 4
5657 5
5658 12
5659 4
5660 13
5661 4
5662 69
5663 1
5664 1
5665 1
5666 1
5667 5
5668 3
5669 1
5670 3
5671 1
5672 3
5673 1
5674 5
5675 9
5676 11
5677 4
5678 6
5679 6
5680 2
5681 7
5682 15
5683 5
5684 6
5685 2
5686 8
5687 5
5688 4
5689 4
5690 4
5691 6
5692 14
5693 38
5694 14
5695 4
5696 8
5697 3
5698 26
5699 4
5700 5
5701 6
5702 19
5703 2
5704 1
5705 1
5706 5
5707 2
5708 2
5709 11
5710 24
5711 10
5712 7
5713 12
5714 19
5715 3
5716 4
5717 8
5718 13
5719 4
5720 1
5721 2
5722 6
5723 4
5724 5
5725 4
5726 3
5727 1
5728 12
5729 1
5730 8
5731 8
5732 2
5733 14
5734 1
5735 2
5736 12
5737 4
5738 3
5739 1
5740 5
5741 4
5742 3
5743 10
5744 6
5745 3
5746 4
5747 10
5748 1
5749 4
5750 1
5751 4
5752 1
5753 3
5754 1
5755 1
5756 4
5757 5
5758 3
5759 1
5760 6
5761 14
5762 2
5763 2
5764 2
5765 3
5766 1
5767 2
5768 3
5769 3
5770 8
5771 2
5772 10
5773 4
5774 4
5775 8
5776 6
5777 1
5778 13
5779 1
5780 6
5781 3
5782 1
5783 2
5784 1
5785 15
5786 3
5787 8
5788 9
5789 10
5790 7
5791 2
5792 3
5793 2
5794 4
5795 3
5796 3
5797 3
5798 1
5799 2
5800 3
5801 7
5802 3
5803 5
5804 4
5805 5
5806 4
5807 4
5808 5
5809 13
5810 2
5811 5
5812 7
5813 8
5814 3
5815 5
5816 10
5817 2
5818 3
5819 3
5820 2
5821 16
5822 3
5823 1
5824 1
5825 13
5826 22
5827 21
5828 30
5829 4
5830 2
5831 2
5832 8
5833 5
5834 3
5835 3
5836 2
5837 1
5838 43
5839 20
5840 4
5841 1
5842 13
5843 23
5844 14
5845 3
5846 9
5847 96
5848 1
5849 1
5850 3
5851 1
5852 8
5853 1
5854 1
5855 1
5856 3
5857 2
5858 2
5859 1
5860 3
5861 1
5862 1
5863 1
5864 1
5865 3
5866 2
5867 5
5868 1
5869 5
5870 31
5871 14
5872 1
5873 3
5874 2
5875 9
5876 2
5877 4
5878 2
5879 55
5880 3
5881 4
5882 6
5883 3
5884 6
5885 3
5886 15
5887 4
5888 2
5889 4
5890 12
5891 19
5892 20
5893 11
5894 2
5895 6
5896 1
5897 1
5898 2
5899 1
5900 4
5901 1
5902 3
5903 3
5904 2
5905 4
5906 1
5907 2
5908 2
5909 1
5910 1
5911 1
5912 1
5913 4
5914 3
5915 5
5916 2
5917 7
5918 2
5919 31
5920 5
5921 6
5922 18
5923 1
5924 2
5925 1
5926 1
5927 1
5928 2
5929 2
5930 2
5931 1
5932 2
5933 4
5934 1
5935 3
5936 3
5937 2
5938 3
5939 3
5940 1
5941 1
5942 12
5943 3
5944 2
5945 3
5946 2
5947 34
5948 4
5949 1
5950 2
5951 1
5952 3
5953 1
5954 31
5955 3
5956 3
5957 3
5958 23
5959 1
5960 22
5961 1
5962 1
5963 3
5964 1
5965 19
5966 3
5967 30
5968 1
5969 2
5970 14
5971 15
5972 48
5973 19
5974 3
5975 4
5976 9
5977 1
5978 9
5979 6
5980 22
5981 1
5982 9
5983 10
5984 4
5985 3
5986 6
5987 4
5988 2
5989 11
5990 5
5991 3
5992 15
5993 26
5994 24
5995 1
5996 7
5997 2
5998 3
5999 12
6000 11
6001 1
6002 5
6003 128
6004 1
6005 2
6006 5
6007 2
6008 1
6009 1
6010 2
6011 1
6012 1
6013 1
6014 1
6015 3
6016 29
6017 1
6018 1
6019 1
6020 1
6021 1
6022 1
6023 10
6024 41
6025 13
6026 72
6027 4
6028 3
6029 15
6030 5
6031 27
6032 1
6033 1
6034 17
6035 1
6036 1
6037 2
6038 4
6039 1
6040 3
6041 5
6042 4
6043 4
6044 17
6045 21
6046 28
6047 18
6048 12
6049 4
6050 20
6051 2
6052 5
6053 27
6054 1
6055 6
6056 2
6057 6
6058 26
6059 11
6060 4
6061 7
6062 4
6063 2
6064 13
6065 1
6066 1
6067 4
6068 3
6069 1
6070 3
6071 2
6072 4
6073 9
6074 2
6075 14
6076 2
6077 6
6078 4
6079 5
6080 1
6081 1
6082 3
6083 9
6084 7
6085 2
6086 9
6087 2
6088 43
6089 7
6090 12
6091 11
6092 1
6093 4
6094 279
6095 9
6096 4
6097 2
6098 5
6099 4
6100 2
6101 3
6102 4
6103 4
6104 9
6105 36
6106 5
6107 24
6108 18
6109 1
6110 41
6111 4
6112 2
6113 7
6114 135
6115 64
6116 83
6117 2
6118 101
6119 1
6120 4
6121 13
6122 2
6123 6
6124 31
6125 10
6126 13
6127 2
6128 119
6129 2
6130 2
6131 1
6132 1
6133 1
6134 2
6135 1
6136 2
6137 3
6138 3
6139 1
6140 18
6141 29
6142 20
6143 2
6144 8
6145 6
6146 16
6147 2
6148 9
6149 1
6150 14
6151 3
6152 29
6153 3
6154 5
6155 3
6156 95
6157 3
6158 1
6159 1
6160 2
6161 1
6162 72
6163 3
6164 1
6165 2
6166 4
6167 2
6168 1
6169 10
6170 3
6171 10
6172 18
6173 13
6174 1
6175 2
6176 2
6177 5
6178 1
6179 3
6180 3
6181 4
6182 4
6183 1
6184 9
6185 5
6186 4
6187 7
6188 12
6189 2
6190 1
6191 4
6192 2
6193 11
6194 22
6195 7
6196 19
6197 2
6198 6
6199 1
6200 9
6201 71
6202 71
6203 11
6204 60
6205 33
6206 1
6207 3
6208 15
6209 24
6210 42
6211 3
6212 58
6213 7
6214 20
6215 7
6216 24
6217 1
6218 1
6219 1
6220 24
6221 1
6222 2
6223 24
6224 9
6225 5
6226 4
6227 33
6228 1
6229 6
6230 3
6231 3
6232 7
6233 6
6234 1
6235 1
6236 8
6237 14
6238 12
6239 21
6240 1
6241 2
6242 5
6243 11
6244 1
6245 2
6246 1
6247 2
6248 3
6249 10
6250 56
6251 4
6252 65
6253 1
6254 12
6255 26
6256 5
6257 3
6258 11
6259 3
6260 3
6261 64
6262 1
6263 1
6264 3
6265 1
6266 4
6267 9
6268 42
6269 2
6270 14
6271 30
6272 2
6273 9
6274 15
6275 2
6276 2
6277 2
6278 27
6279 4
6280 8
6281 31
6282 4
6283 19
6284 13
6285 41
6286 8
6287 5
6288 2
6289 7
6290 5
6291 45
6292 1
6293 33
6294 45
6295 2
6296 11
6297 18
6298 7
6299 106
6300 2
6301 9
6302 6
6303 4
6304 3
6305 8
6306 1
6307 3
6308 16
6309 1
6310 1
6311 10
6312 32
6313 1
6314 1
6315 3
6316 1
6317 2
6318 15
6319 18
6320 5
6321 1
6322 8
6323 2
6324 1
6325 21
6326 9
6327 22
6328 4
6329 7
6330 18
6331 7
6332 3
6333 1
6334 11
6335 1
6336 3
6337 2
6338 3
6339 1
6340 1
6341 1
6342 3
6343 20
6344 1
6345 11
6346 19
6347 16
6348 9
6349 5
6350 9
6351 2
6352 13
6353 112
6354 2
6355 2
6356 2
6357 5
6358 47
6359 1
6360 3
6361 2
6362 51
6363 12
6364 1
6365 5
6366 1
6367 6
6368 24
6369 27
6370 1
6371 9
6372 3
6373 3
6374 22
6375 35
6376 29
6377 11
6378 6
6379 38
6380 79
6381 4
6382 4
6383 1
6384 118
6385 1
6386 1
6387 3
6388 1
6389 1
6390 1
6391 1
6392 1
6393 2
6394 8
6395 4
6396 1
6397 2
6398 1
6399 11
6400 24
6401 1
6402 3
6403 50
6404 16
6405 3
6406 1
6407 2
6408 2
6409 2
6410 29
6411 17
6412 7
6413 2
6414 1
6415 10
6416 27
6417 1
6418 16
6419 14
6420 10
6421 60
6422 2
6423 10
6424 14
6425 4
6426 25
6427 12
6428 85
6429 1
6430 1
6431 1
6432 1
6433 1
6434 1
6435 1
6436 2
6437 3
6438 1
6439 7
6440 1
6441 2
6442 1
6443 9
6444 1
6445 1
6446 1
6447 1
6448 13
6449 30
6450 3
6451 6
6452 12
6453 25
6454 7
6455 28
6456 35
6457 1
6458 1
6459 7
6460 3
6461 5
6462 58
6463 3
6464 29
6465 66
6466 6
6467 4
6468 78
6469 2
6470 1
6471 1
6472 1
6473 2
6474 3
6475 2
6476 1
6477 1
6478 1
6479 1
6480 2
6481 2
6482 30
6483 1
6484 3
6485 2
6486 14
6487 8
6488 1
6489 1
6490 4
6491 48
6492 2
6493 11
6494 2
6495 23
6496 26
6497 10
6498 2
6499 1
6500 5
6501 26
6502 7
6503 8
6504 2
6505 3
6506 16
6507 6
6508 1
6509 10
6510 9
6511 16
6512 17
6513 57
6514 11
6515 2
6516 10
6517 3
6518 1
6519 2
6520 6
6521 27
6522 3
6523 4
6524 14
6525 10
6526 31
6527 19
6528 1
6529 3
6530 6
6531 3
6532 7
6533 20
6534 9
6535 19
6536 91
6537 3
6538 1
6539 1
6540 2
6541 2
6542 2
6543 2
6544 1
6545 1
6546 17
6547 9
6548 1
6549 24
6550 2
6551 2
6552 4
6553 2
6554 13
6555 5
6556 4
6557 8
6558 16
6559 15
6560 9
6561 5
6562 38
6563 22
6564 1
6565 37
6566 20
6567 53
6568 1
6569 2
6570 10
6571 1
6572 61
6573 1
6574 2
6575 5
6576 4
6577 4
6578 11
6579 4
6580 2
6581 9
6582 2
6583 8
6584 6
6585 8
6586 3
6587 1
6588 2
6589 1
6590 1
6591 2
6592 1
6593 2
6594 11
6595 23
6596 2
6597 17
6598 3
6599 53
6600 71
6601 1
6602 7
6603 4
6604 3
6605 2
6606 2
6607 2
6608 3
6609 1
6610 2
6611 4
6612 4
6613 20
6614 5
6615 1
6616 32
6617 3
6618 12
6619 1
6620 2
6621 3
6622 1
6623 2
6624 23
6625 4
6626 5
6627 15
6628 1
6629 11
6630 1
6631 2
6632 2
6633 5
6634 8
6635 14
6636 11
6637 28
6638 3
6639 4
6640 6
6641 2
6642 4
6643 16
6644 7
6645 3
6646 14
6647 15
6648 3
6649 9
6650 5
6651 9
6652 5
6653 4
6654 26
6655 10
6656 26
6657 1
6658 1
6659 2
6660 2
6661 2
6662 2
6663 2
6664 1
6665 1
6666 3
6667 4
6668 8
6669 4
6670 5
6671 5
6672 6
6673 12
6674 10
6675 5
6676 3
6677 12
6678 6
6679 2
6680 3
6681 4
6682 37
6683 7
6684 8
6685 27
6686 14
6687 3
6688 5
6689 23
6690 29
6691 3
6692 3
6693 1
6694 3
6695 43
6696 1
6697 1
6698 5
6699 4
6700 3
6701 9
6702 3
6703 3
6704 4
6705 13
6706 7
6707 2
6708 5
6709 7
6710 2
6711 20
6712 5
6713 8
6714 2
6715 8
6716 3
6717 1
6718 2
6719 20
6720 12
6721 5
6722 2
6723 6
6724 3
6725 16
6726 3
6727 2
6728 1
6729 8
6730 5
6731 6
6732 13
6733 38
6734 2
6735 7
6736 1
6737 1
6738 3
6739 1
6740 9
6741 18
6742 1
6743 3
6744 1
6745 24
6746 1
6747 1
6748 4
6749 178
6750 3
6751 40
6752 4
6753 13
6754 8
6755 13
6756 1
6757 5
6758 3
6759 4
6760 4
6761 4
6762 2
6763 17
6764 1
6765 12
6766 4
6767 2
6768 6
6769 2
6770 58
6771 2
6772 18
6773 2
6774 46
6775 1
6776 1
6777 1
6778 1
6779 2
6780 3
6781 9
6782 37
6783 2
6784 46
6785 9
6786 1
6787 4
6788 3
6789 29
6790 26
6791 2
6792 19
6793 1
6794 18
6795 2
6796 2
6797 9
6798 1
6799 14
6800 4
6801 4
6802 6
6803 1
6804 44
6805 6
6806 15
6807 12
6808 75
6809 2
6810 1
6811 1
6812 1
6813 7
6814 23
6815 3
6816 40
6817 18
6818 10
6819 13
6820 4
6821 2
6822 19
6823 3
6824 4
6825 10
6826 4
6827 25
6828 8
6829 12
6830 10
6831 1
6832 8
6833 1
6834 10
6835 8
6836 6
6837 2
6838 2
6839 22
6840 2
6841 4
6842 3
6843 16
6844 10
6845 2
6846 18
6847 151
6848 5
6849 10
6850 7
6851 4
6852 2
6853 1
6854 1
6855 1
6856 2
6857 3
6858 7
6859 3
6860 1
6861 16
6862 18
6863 16
6864 19
6865 19
6866 61
6867 5
6868 15
6869 43
6870 5
6871 1
6872 10
6873 12
6874 2
6875 1
6876 56
6877 10
6878 2
6879 2
6880 8
6881 3
6882 3
6883 6
6884 2
6885 9
6886 39
6887 36
6888 1
6889 2
6890 3
6891 18
6892 19
6893 23
6894 7
6895 28
6896 2
6897 8
6898 4
6899 11
6900 4
6901 24
6902 17
6903 1
6904 37
6905 5
6906 2
6907 3
6908 2
6909 1
6910 16
6911 20
6912 1
6913 14
6914 25
6915 1
6916 1
6917 1
6918 3
6919 2
6920 2
6921 20
6922 19
6923 4
6924 5
6925 12
6926 2
6927 9
6928 18
6929 10
6930 2
6931 2
6932 5
6933 3
6934 10
6935 19
6936 8
6937 2
6938 11
6939 9
6940 25
6941 37
6942 2
6943 1
6944 51
6945 3
6946 3
6947 1
6948 57
6949 1
6950 1
6951 1
6952 1
6953 1
6954 2
6955 2
6956 61
6957 2
6958 3
6959 24
6960 7
6961 25
6962 1
6963 1
6964 2
6965 3
6966 6
6967 2
6968 1
6969 3
6970 6
6971 3
6972 5
6973 44
6974 33
6975 7
6976 12
6977 10
6978 5
6979 5
6980 14
6981 4
6982 2
6983 40
6984 2
6985 17
6986 4
6987 37
6988 3
6989 10
6990 29
6991 2
6992 1
6993 7
6994 4
6995 8
6996 6
6997 12
6998 2
6999 15
7000 6
7001 5
7002 44
7003 15
7004 18
7005 1
7006 15
7007 1
7008 1
7009 6
7010 30
7011 2
7012 17
7013 21
7014 3
7015 3
7016 35
7017 10
7018 27
7019 1
7020 16
7021 61
7022 54
7023 3
7024 4
7025 3
7026 1
7027 1
7028 1
7029 5
7030 32
7031 6
7032 3
7033 6
7034 2
7035 1
7036 1
7037 54
7038 1
7039 1
7040 2
7041 2
7042 1
7043 1
7044 1
7045 6
7046 3
7047 10
7048 10
7049 7
7050 1
7051 1
7052 2
7053 19
7054 1
7055 2
7056 2
7057 8
7058 2
7059 3
7060 2
7061 3
7062 21
7063 10
7064 18
7065 10
7066 2
7067 5
7068 2
7069 6
7070 25
7071 4
7072 22
7073 3
7074 28
7075 62
7076 13
7077 19
7078 3
7079 2
7080 1
7081 1
7082 8
7083 2
7084 2
7085 5
7086 3
7087 1
7088 1
7089 3
7090 17
7091 6
7092 3
7093 16
7094 1
7095 11
7096 5
7097 30
7098 8
7099 19
7100 22
7101 6
7102 189
7103 2
7104 1
7105 22
7106 19
7107 1
7108 15
7109 5
7110 11
7111 41
7112 7
7113 216
7114 2
7115 3
7116 65
7117 5
7118 5
7119 3
7120 23
7121 4
7122 1
7123 76
7124 22
7125 4
7126 2
7127 18
7128 50
7129 130
7130 23
7131 58
7132 2
7133 5
7134 56
7135 26
7136 6
7137 3
7138 2
7139 2
7140 2
7141 2
7142 4
7143 22
7144 277
7145 26
7146 192
7147 7
7148 1
7149 132
7150 177
7151 9
7152 10
7153 6
7154 13
7155 4
7156 7
7157 3
7158 7
7159 23
7160 11
7161 13
7162 7
7163 9
7164 8
7165 10
7166 1
7167 3
7168 7
7169 4
7170 4
7171 10
7172 6
7173 1
7174 10
7175 5
7176 3
7177 2
7178 1
7179 18
7180 60
7181 41
7182 10
7183 21
7184 3
7185 14
7186 9
7187 9
7188 12
7189 11
7190 1
7191 1
7192 6
7193 2
7194 8
7195 1
7196 1
7197 4
7198 2
7199 1
7200 1
7201 2
7202 10
7203 15
7204 1
7205 9
7206 24
7207 7
7208 3
7209 17
7210 2
7211 1
7212 1
7213 1
7214 1
7215 4
7216 3
7217 10
7218 1
7219 3
7220 3
7221 10
7222 13
7223 2
7224 21
7225 10
7226 1
7227 4
7228 2
7229 10
7230 14
7231 6
7232 7
7233 5
7234 2
7235 1
7236 7
7237 2
7238 1
7239 2
7240 2
7241 1
7242 3
7243 2
7244 4
7245 2
7246 17
7247 55
7248 14
7249 44
7250 59
7251 62
7252 3
7253 7
7254 10
7255 4
7256 2
7257 2
7258 10
7259 3
7260 1
7261 1
7262 5
7263 13
7264 7
7265 16
7266 23
7267 10
7268 2
7269 3
7270 12
7271 5
7272 9
7273 21
7274 1
7275 7
7276 3
7277 9
7278 4
7279 6
7280 3
7281 4
7282 2
7283 5
7284 8
7285 22
7286 27
7287 3
7288 3
7289 56
7290 6
7291 63
7292 2
7293 9
7294 3
7295 1
7296 1
7297 2
7298 6
7299 3
7300 6
7301 4
7302 4
7303 7
7304 3
7305 5
7306 2
7307 4
7308 11
7309 2
7310 3
7311 2
7312 4
7313 12
7314 6
7315 8
7316 5
7317 8
7319 1
7320 6
7324 2
7325 3
7328 4
7331 2
7332 1
7333 2
7334 2
7335 1
7338 2
7339 1
7341 1
7344 2
7346 1
7350 1
7351 1
7353 3
7354 1
7355 3
7356 2
7357 1
7358 1
7362 1
7364 1
7365 1
7366 1
7368 1
7370 4
7371 5
7372 3
7373 2
7374 1
7377 2
7379 5
7380 1
7381 2
7382 1
7384 1
7385 4
7386 5
7387 3
7390 1
7391 1
7393 1
7394 2
7395 2
7397 1
7401 2
7403 1
7404 1
7405 1
7409 1
7410 4
7411 1
7412 1
7413 5
7414 1
7415 4
7416 2
7418 3
7419 2
7420 1
7421 2
7422 1
7424 1
7425 1
7426 1
7428 1
7431 3
7433 7
7434 3
7438 2
7439 2
7440 1
7441 3
7442 1
7443 1
7445 1
7446 3
7447 4
7448 5
7450 1
7454 2
7455 2
7456 2
7457 1
7458 2
7462 2
7463 2
7464 1
7465 1
7466 2
7467 3
7468 1
7469 1
7470 2
7473 2
7475 1
7478 4
7479 5
7480 4
7481 1
7483 1
7484 3
7485 2
7486 1
7487 1
7490 3
7491 1
7492 1
7494 5
7497 1
7498 1
7499 1
7501 2
7503 3
7504 1
7505 1
7506 2
7507 1
7508 2
7509 1
7510 2
7512 2
7513 4
7514 1
7515 2
7516 1
7518 5
7519 4
7520 1
7521 7
7522 5
7523 1
7524 2
7525 1
7526 1
7529 1
7533 2
7537 2
7540 1
7544 1
7548 2
7549 1
7551 1
7555 1
7561 1
7566 1
7570 1
7574 1
7578 1
7579 2
7580 1
7582 1
7583 4
7585 2
7587 4
7592 4
7594 1
7597 2
7599 1
7600 2
7601 3
7602 2
7603 1
7604 1
7610 2
7613 3
7615 2
7616 1
7617 2
7621 1
7623 1
7624 2
7625 2
7628 2
7630 1
7631 1
7633 2
7635 2
7636 1
7639 5
7643 2
7644 3
7645 1
7646 2
7650 1
7651 1
7655 2
7656 1
7657 1
7659 2
7660 1
7661 2
7662 2
7663 2
7666 2
7669 1
7673 2
7674 1
7675 2
7676 5
7677 1
7678 1
7679 1
7680 3
7684 3
7685 2
7686 2
7688 1
7689 1
7690 1
7692 1
7694 1
7696 1
7697 2
7698 1
7699 1
7700 1
7701 1
7702 1
7703 1
7704 1
7708 1
7713 1
7714 4
7715 1
7716 1
7718 2
7719 4
7722 1
7723 3
7724 1
7726 1
7727 1
7732 4
7734 2
7737 1
7739 1
7742 3
7743 2
7749 1
7753 2
7754 2
7755 2
7756 2
7758 3
7759 4
7760 1
7762 5
7764 2
7765 1
7766 2
7770 3
7772 2
7774 1
7775 1
7777 1
7780 1
7783 2
7785 3
7787 1
7790 1
7791 2
7792 2
7794 5
7798 2
7799 2
7800 2
7803 1
7808 2
7809 2
7815 1
7817 1
7819 1
7820 2
7821 2
7822 1
7824 1
7826 1
7827 1
7828 3
7833 1
7835 1
7836 1
7838 1
7839 2
7840 1
7841 1
7842 2
7844 1
7850 2
7851 3
7855 2
7856 1
7860 1
7861 1
7862 2
7864 1
7867 1
7868 1
7873 1
7874 1
7875 2
7876 2
7879 11
7881 5
7882 3
7883 2
7889 1
7891 2
7895 1
7899 1
7901 3
7902 1
7906 1
7909 1
7911 1
7913 2
7915 1
7916 1
7917 4
7918 1
7920 1
7921 3
7922 1
7923 4
7925 1
7926 2
7928 1
7929 2
7930 2
7932 1
7933 5
7934 1
7937 4
7939 1
7940 1
7941 1
7942 5
7943 2
7944 1
7945 4
7946 2
7948 3
7949 2
7950 1
7951 1
7952 3
7953 2
7954 1
7956 1
7957 2
7960 1
7961 1
7963 3
7966 3
7967 1
7968 1
7970 3
7971 1
7974 1
7975 3
7976 1
7979 1
7980 2
7984 3
7985 2
7986 2
7988 3
7991 1
7992 1
7994 2
7995 3
7996 1
8000 1
8005 2
8006 2
8011 2
8016 2
8017 2
8018 2
8019 2
8020 2
8021 1
8022 2
8024 1
8029 3
8036 2
8037 2
8042 1
8044 2
8046 1
8048 3
8050 1
8051 1
8053 1
8054 1
8056 1
8057 1
8058 5
8059 2
8060 3
8061 1
8062 1
8066 2
8067 2
8080 2
8082 1
8083 1
8084 3
8085 2
8086 1
8087 1
8089 1
8094 2
8096 3
8097 1
8103 1
8104 2
8106 1
8107 1
8111 4
8112 1
8113 2
8114 1
8115 1
8118 2
8119 2
8120 1
8122 1
8123 1
8124 1
8125 1
8126 1
8129 2
8130 1
8133 1
8137 1
8138 1
8140 2
8141 1
8142 1
8143 2
8147 1
8148 1
8149 1
8151 1
8152 1
8157 1
8164 1
8165 2
8166 3
8169 1
8170 1
8174 1
8175 1
8176 1
8180 1
8182 1
8185 2
8186 4
8187 1
8191 1
8198 1
8200 2
8201 1
8202 1
8210 1
8212 1
8216 1
8221 1
8223 3
8224 1
8225 3
8228 1
8229 1
8232 1
8242 2
8244 1
8245 1
8246 2
8247 1
8251 1
8256 1
8258 2
8261 2
8263 2
8265 1
8267 1
8273 2
8274 1
8275 2
8281 1
8287 3
8292 1
8293 2
8294 1
8296 1
8304 1
8306 1
8307 1
8308 4
8316 1
8323 2
8326 4
8327 1
8328 1
8338 1
8349 1
8352 2
8354 1
8364 2
8370 2
8375 2
8388 3
8389 1
8394 2
8404 2
8407 2
8410 1
8419 2
8421 1
8437 2
8438 2
8439 2
8447 1
8448 3
8449 1
8454 2
8457 2
8460 1
8467 1
8477 1
8483 1
8488 2
8491 2
8492 2
8494 2
8498 1
8503 2
8504 1
8507 1
8513 1
8514 2
8515 1
8517 2
8518 4
8520 2
8521 1
8529 2
8534 1
8548 2
8551 4
8552 1
8564 4
8574 1
8578 2
8580 1
8581 1
8587 2
8596 1
8597 2
8599 1
8600 2
8601 1
8611 1
8616 4
8625 2
8629 2
8633 1
8637 2
8638 3
8642 1
8647 1
8649 1
8652 1
8654 1
8655 1
8656 1
8659 3
8660 1
8661 1
8662 1
8663 3
8664 1
8675 2
8677 3
8681 2
8686 1
8687 3
8688 5
8690 2
8694 1
8695 4
8697 2
8708 2
8710 1
8715 2
8719 1
8722 2
8728 1
8736 2
8737 1
8746 2
8747 1
8751 1
8752 2
8754 2
8756 1
8761 1
8765 1
8766 2
8769 2
8771 3
8776 4
8784 1
8790 2
8798 1
8833 3
8835 1
8845 1
8848 1
8853 1
8856 2
8858 4
8878 3
8882 2
8886 2
8896 4
8900 2
8901 1
8924 1
8926 1
8939 2
8941 1
8945 4
8947 2
8948 1
8955 2
8963 4
8981 1
8982 1
8983 1
8990 1
8998 2
8999 1
9011 8
9012 4
9013 2
9022 1
9027 1
9039 2
9041 2
9043 2
9054 2
9057 2
9060 2
9061 1
9070 1
9071 1
9074 1
9080 2
9081 2
9085 1
9086 1
9088 4
9089 1
9091 2
9104 2
9105 1
9107 1
9117 1
9120 1
9121 1
9122 1
9123 1
9132 1
9133 2
9135 2
9136 1
9138 1
9144 1
9145 1
9147 3
9149 1
9159 1
9175 1
9180 1
9181 2
9184 2
9186 1
9187 1
9188 1
9189 2
9192 2
9193 2
9196 1
9202 2
9203 1
9209 1
9216 1
9226 1
9227 2
9228 2
9229 1
9231 1
9232 1
9233 1
9235 1
9236 2
9238 1
9242 1
9243 1
9244 2
9246 1
9247 1
9250 1
9251 1
9252 1
9253 3
9254 2
9256 1
9257 1
9259 1
9262 1
9263 1
9268 2
9269 1
9274 1
9275 1
9279 1
9281 1
9285 1
9286 1
9288 1
9289 1
9294 1
9298 1
9299 1
9306 1
9307 1
9317 1
9319 2
9325 2
9333 1
9337 1
9338 1
9342 1
9343 2
9345 1
9347 1
9351 2
9352 1
9355 1
9357 1
9371 1
9380 1
9382 1
9392 1
9395 1
9398 2
9407 1
9409 1
9414 2
9416 1
9417 2
9419 2
9425 1
9428 2
9430 1
9433 1
9438 1
9440 1
9445 1
9448 1
9449 2
9456 1
9458 1
9461 1
9478 2
9479 1
9483 2
9487 1
9488 2
9491 1
9492 1
9494 3
9495 1
9497 1
9499 1
9500 1
9507 1
9513 2
9514 1
9515 1
9518 1
9519 2
9521 1
9523 1
9524 1
9539 2
9542 1
9552 1
9556 1
9559 1
9560 1
9562 2
9566 1
9576 2
9577 1
9580 1
9583 1
9585 1
9586 1
9593 1
9594 1
9608 1
9611 1
9613 1
9624 2
9629 1
9638 1
9648 5
9662 1
9666 1
9667 1
9669 3
9670 1
9675 1
9682 1
9697 1
9701 1
9705 1
9722 1
9724 1
9725 1
9726 1
9738 1
9741 1
9742 1
9756 1
9772 1
9773 1
9779 1
9785 1
9791 2
9797 1
9806 1
9809 1
9810 1
9820 1
9821 1
9822 1
9826 1
9831 1
9832 4
9838 1
9839 1
9842 1
9851 1
9856 1
9862 1
9876 2
9882 1
9892 1
9893 3
9898 1
9900 1
9917 1
9922 1
9935 1
9945 1
9956 1
9963 2
9965 1
9969 1
9984 2
9999 4
10000 2
10001 1
10025 1
10033 2
10105 1
10109 1
10129 1
10130 1
10133 1
10137 1
10140 1
10148 1
10160 1
10169 1
10174 1
10176 1
10177 1
10224 1
10236 1
10239 1
10279 2
10280 2
10296 1
10299 1
10343 1
10344 1
10347 1
10356 1
10376 1
10378 1
10401 1
10415 1
10441 1
10447 1
10471 1
10474 2
10477 4
10478 3
10479 2
10482 3
10485 2
10518 2
10520 2
10525 1
10526 2
10529 1
10530 2
10534 3
10535 2
10540 1
10542 2
10550 1
10552 2
10554 2
10558 1
10559 2
10564 3
10591 1
10597 2
10612 1
10618 1
10624 1
10630 1
10636 1
10650 3
10651 1
10658 1
10662 1
10674 1
10676 1
10677 2
10680 4
10686 1
10709 1
10720 1
10727 1
10737 1
10738 1
10740 1
10749 1
10751 1
10760 2
10770 1
10772 4
10773 2
10779 1
10780 3
10788 1
10789 1
10794 1
10800 1
10801 1
10803 1
10809 1
10810 1
10824 1
10825 1
10832 1
10836 1
10838 1
10845 2
10850 1
10852 1
10853 1
10865 1
10875 1
10880 1
10881 1
10883 1
10887 2
10888 1
10889 1
10896 1
10898 1
10906 1
10908 1
10917 2
10921 2
10922 2
10925 1
10928 2
10930 2
10935 1
10936 3
10944 1
10951 2
10952 1
10957 1
10958 1
10960 1
10964 1
10968 1
10975 1
10977 1
10995 1
11004 1
11006 1
11008 1
11023 1
11040 2
11049 1
11058 1
11065 1
11067 1
11073 1
11084 1
11086 1
11095 5
11096 1
11097 2
11101 1
11104 1
11105 1
11121 1
11127 1
11131 4
11143 2
11150 3
11153 1
11157 1
11165 1
11166 2
11168 1
11185 1
11188 1
11199 1
11200 4
11201 1
11202 1
11205 1
11214 1
11216 1
11220 1
11229 1
11238 2
11240 2
11243 1
11246 1
11249 1
11251 1
11259 1
11265 1
11266 1
11268 2
11269 3
11271 1
11276 1
11277 1
11279 1
11280 1
11291 2
11294 2
11297 1
11300 1
11302 1
11305 1
11322 1
11328 1
11335 1
11336 1
11340 3
11350 1
11351 1
11355 1
11364 2
11369 1
11374 2
11376 1
11393 2
11402 1
11408 2
11415 1
11417 2
11424 1
11427 1
11428 1
11441 1
11449 1
11452 2
11455 1
11466 1
11467 1
11468 1
11474 1
11482 1
11483 1
11504 1
11506 1
11508 1
11516 1
11517 1
11531 2
11532 1
11539 2
11546 1
11547 1
11549 1
11552 1
11553 2
11554 1
11558 1
11561 1
11563 1
11566 1
11574 1
11576 1
11580 1
11599 1
11612 1
11632 2
11633 2
11647 1
11649 1
11651 1
11667 2
11672 1
11681 2
11688 1
11691 2
11692 1
11698 1
11701 1
11708 1
11728 1
11731 1
11736 1
11739 1
11760 1
11761 1
11764 1
11766 1
11774 1
11775 1
11782 1
11786 2
11787 2
11789 1
11799 1
11813 1
11836 2
11851 2
11867 6
11874 1
11880 1
11884 1
11886 3
11891 1
11913 1
11922 1
11924 1
11928 1
11932 1
11943 1
11944 2
11946 1
11948 1
11950 1
11951 2
11952 1
11956 7
11957 1
11963 2
11964 1
11965 3
11968 1
11970 2
11971 2
11973 1
11974 1
11975 1
11979 1
11982 2
11993 1
11996 1
12001 1
12015 1
12016 1
12028 1
12031 1
12035 2
12040 1
12042 2
12061 2
12077 2
12085 1
12093 1
12100 1
12108 2
12109 1
12115 1
12135 1
12137 1
12139 1
12140 1
12141 1
12146 1
12150 1
12151 1
12155 1
12159 1
12165 2
12167 2
12170 1
12171 2
12173 2
12174 1
12189 1
12203 1
12204 1
12225 2
12241 2
12243 2
12249 1
12251 1
12266 2
12267 1
12270 3
12275 1
12277 1
12279 2
12280 2
12283 4
12291 1
12294 1
12341 1
12342 1
12343 1
12344 1
12348 1
12350 2
12372 1
12380 1
12394 1
12396 4
12397 1
12399 1
12403 1
12411 1
12413 1
12420 1
12422 1
12423 1
12425 1
12435 1
12437 1
12439 2
12440 1
12442 1
12446 1
12448 2
12451 1
12453 1
12474 1
12494 1
12500 1
12527 1
12573 1
12574 1
12601 1
12605 1
12609 1
12610 1
12620 1
12630 1
12631 2
12640 2
12645 1
12649 1
12654 1
12658 1
12664 2
12665 1
12668 1
12672 1
12674 1
12678 1
12686 1
12698 1
12702 1
12709 1
12714 2
12719 2
12723 1
12726 2
12728 1
12737 1
12748 1
12750 1
12780 1
12792 1
12812 1
12814 1
12832 2
12837 1
12841 1
12859 1
12862 1
12863 1
12904 2
12916 1
12922 1
12933 1
12943 1
12945 1
12946 1
12950 1
12951 2
12953 1
12955 1
12963 2
12981 1
12992 2
12999 1
13002 2
13021 1
13032 1
13033 1
13044 1
13047 1
13061 1
13062 1
13089 1
13090 1
13106 1
13125 1
13126 1
13176 1
13184 1
13195 1
13201 1
13210 1
13211 1
13219 2
13220 1
13224 1
13227 1
13228 2
13230 1
13231 1
13232 2
13233 1
13260 1
13264 1
13266 1
13278 1
13280 2
13285 1
13299 1
13313 1
13321 1
13326 1
13334 3
13340 1
13341 3
13356 1
13365 1
13375 1
13379 1
13381 1
13392 1
13409 1
13410 1
13417 1
13420 3
13433 4
13448 1
13450 3
13460 1
13467 1
13475 1
13476 1
13484 2
13485 1
13486 1
13487 1
13489 1
13492 1
13494 1
13496 1
13498 1
13500 2
13508 1
13516 1
13528 2
13529 1
13530 1
13532 1
13533 1
13543 1
13544 2
13557 1
13562 1
13580 1
13594 1
13602 1
13604 1
13622 3
13643 1
13644 1
13646 1
13650 1
13656 1
13660 1
13662 2
13663 2
13666 1
13668 1
13677 1
13678 1
13681 1
13690 1
13694 2
13696 3
13697 1
13707 1
13726 1
13728 1
13737 1
13744 1
13748 1
13755 1
13767 1
13772 1
13773 1
13786 1
13800 1
13818 1
13820 1
13831 1
13835 1
13836 4
13837 4
13839 1
13840 1
13858 1
13865 1
13869 1
13874 1
13876 1
13877 1
13878 1
13881 1
13887 1
13901 1
13906 1
13912 1
13913 1
13928 1
13945 1
13951 1
13954 1
13957 1
13969 1
13971 1
13972 1
13974 1
13992 1
13993 1
14006 1
14020 1
14031 1
14039 1
14047 1
14048 1
14050 1
14071 1
14073 1
14087 2
14088 1
14090 1
14092 1
14099 1
14111 2
14113 1
14116 1
14126 2
14130 1
14134 1
14140 1
14142 3
14153 1
14171 2
14178 2
14180 2
14192 1
14195 1
14201 1
14202 1
14204 2
14235 1
14243 1
14245 1
14246 1
14263 1
14271 1
14273 1
14280 1
14281 1
14283 1
14284 1
14382 2
14497 2
14575 2
14581 1
14584 1
14676 1
14679 1
14742 2
14753 1
14798 2
14886 1
14907 2
14959 1
15033 1
15041 2
15061 1
15093 1
15114 1
15124 1
15143 1
15145 1
15149 1
15196 1
15233 3
15255 2
15264 2
15290 1
15294 1
15321 2
15335 1
15366 2
15370 2
15396 2
15448 1
15479 2
15506 1
15536 1
15540 1
15545 2
15546 1
15568 1
15570 1
15581 2
15588 2
15607 1
15613 2
15629 1
15711 2
15873 1
15978 1
15980 1
16026 1
16052 2
16162 2
16167 1
16189 1
16282 1
16292 1
16913 1
16914 1
16917 1
16938 2
16995 1
17268 1
17417 1
17421 1
18293 1
18612 1
18824 1
18828 1
19141 1
19173 1
19341 2
19744 1
19841 3
20001 2
20427 1
20432 1
20436 1
20582 1
20631 3
20635 20
20636 6
20637 1
20638 8
20641 2
20649 1
20659 2
20681 5
20682 8
20684 2
20685 4
20687 2
20693 1
21026 1
21187 1
21383 1
21515 1
21737 1
22192 1
22362 1
22402 1
22634 1
22814 1
22937 1
23351 2
23833 1
24045 1
24156 1
24930 1
25397 1
25502 1
25541 1
25587 1
25654 1
25655 1
25755 1
25765 1
25799 1
25818 1
25827 1
25878 1
25901 1
25911 1
25929 1
25932 1
25969 1
26076 1
26082 1
26114 1
26115 1
26118 1
26419 1
27730 1
30001 7
30029 1
34174 1
36412 1
36413 1
37491 1
39944 1
39965 2
40904 1
42053 1
43112 1
45203 2
45414 2
45609 1
46568 1
46754 1
46791 3
47222 1
47383 2
49455 2
51948 1
51991 2
52813 1
54193 2
55590 1
56010 1
60674 1
62342 1
64312 1
69911 1
72862 1
73758 1
74292 1
95235 1
96254 1
96552 1
100000 1
