0 30622758560
1 2827393855
2 175171643
3 28958827
4 10294990
5 4514400
6 2940010
7 1554606
8 896790
9 647682
10 421511
11 273664
12 263849
13 163667
14 142095
15 110680
16 84616
17 63273
18 67322
19 50369
20 44422
21 35297
22 35020
23 27533
24 27513
25 22242
26 20035
27 19865
28 20787
29 16540
30 14842
31 11742
32 14209
33 11574
34 10123
35 9216
36 9066
37 7908
38 7929
39 8279
40 6841
41 6953
42 6445
43 5618
44 7852
45 21081
46 4849
47 4321
48 4552
49 4705
50 6019
51 7202
52 5793
53 4753
54 3261
55 3073
56 3333
57 2871
58 2987
59 2646
60 2702
61 2432
62 2491
63 2230
64 2416
65 2312
66 2259
67 2107
68 2171
69 1969
70 2004
71 1973
72 1829
73 1711
74 1680
75 1557
76 1672
77 1504
78 1483
79 1344
80 1467
81 1393
82 1437
83 1297
84 1309
85 1222
86 1167
87 1105
88 1116
89 1231
90 1181
91 1119
92 1108
93 1052
94 1051
95 916
96 942
97 891
98 853
99 921
100 912
101 865
102 856
103 785
104 793
105 858
106 789
107 750
108 746
109 768
110 722
111 670
112 685
113 676
114 752
115 664
116 708
117 701
118 635
119 603
120 655
121 558
122 548
123 539
124 583
125 544
126 568
127 471
128 549
129 499
130 525
131 513
132 554
133 493
134 470
135 514
136 480
137 478
138 460
139 451
140 459
141 413
142 431
143 411
144 437
145 464
146 408
147 382
148 359
149 392
150 389
151 373
152 355
153 373
154 386
155 346
156 339
157 380
158 386
159 350
160 355
161 415
162 365
163 281
164 319
165 282
166 336
167 326
168 314
169 316
170 295
171 249
172 300
173 280
174 300
175 263
176 256
177 264
178 277
179 236
180 318
181 261
182 284
183 236
184 254
185 247
186 270
187 229
188 239
189 229
190 255
191 212
192 268
193 255
194 238
195 246
196 229
197 236
198 219
199 249
200 194
201 235
202 212
203 214
204 195
205 275
206 208
207 163
208 197
209 197
210 205
211 238
212 209
213 169
214 209
215 192
216 172
217 194
218 199
219 183
220 174
221 196
222 174
223 202
224 223
225 169
226 145
227 145
228 181
229 203
230 177
231 184
232 138
233 176
234 160
235 1008
236 306
237 170
238 171
239 153
240 192
241 160
242 169
243 146
244 182
245 111
246 158
247 151
248 157
249 158
250 152
251 142
252 158
253 134
254 170
255 138
256 143
257 184
258 153
259 151
260 167
261 145
262 144
263 140
264 137
265 160
266 129
267 146
268 119
269 136
270 141
271 146
272 159
273 119
274 113
275 116
276 133
277 106
278 143
279 107
280 108
281 122
282 136
283 118
284 116
285 100
286 128
287 115
288 162
289 150
290 98
291 104
292 120
293 104
294 117
295 134
296 117
297 97
298 108
299 120
300 142
301 91
302 119
303 132
304 119
305 101
306 131
307 110
308 100
309 92
310 117
311 114
312 110
313 113
314 95
315 105
316 130
317 128
318 120
319 119
320 124
321 117
322 124
323 119
324 111
325 120
326 105
327 100
328 99
329 97
330 105
331 101
332 101
333 92
334 95
335 96
336 98
337 93
338 108
339 89
340 86
341 74
342 124
343 94
344 99
345 101
346 87
347 70
348 89
349 95
350 86
351 92
352 88
353 82
354 93
355 85
356 81
357 95
358 75
359 100
360 58
361 64
362 79
363 67
364 63
365 93
366 73
367 69
368 98
369 58
370 65
371 64
372 97
373 75
374 65
375 86
376 85
377 92
378 63
379 64
380 80
381 63
382 62
383 82
384 81
385 62
386 79
387 77
388 79
389 81
390 64
391 70
392 71
393 56
394 65
395 69
396 68
397 68
398 65
399 59
400 84
401 73
402 51
403 80
404 72
405 80
406 61
407 58
408 61
409 67
410 70
411 62
412 59
413 76
414 77
415 60
416 43
417 60
418 61
419 52
420 75
421 55
422 42
423 66
424 61
425 57
426 54
427 58
428 56
429 77
430 82
431 61
432 71
433 52
434 70
435 72
436 62
437 47
438 57
439 51
440 59
441 53
442 67
443 45
444 59
445 64
446 53
447 48
448 54
449 40
450 62
451 57
452 47
453 47
454 65
455 57
456 46
457 52
458 68
459 41
460 43
461 43
462 48
463 51
464 37
465 40
466 47
467 56
468 56
469 53
470 45
471 66
472 51
473 49
474 44
475 46
476 54
477 52
478 65
479 51
480 46
481 43
482 48
483 73
484 46
485 40
486 48
487 43
488 47
489 42
490 52
491 56
492 44
493 57
494 55
495 49
496 50
497 40
498 45
499 37
500 41
501 40
502 43
503 39
504 42
505 44
506 43
507 39
508 39
509 51
510 28
511 39
512 25
513 56
514 39
515 42
516 34
517 51
518 38
519 49
520 37
521 40
522 44
523 40
524 39
525 52
526 35
527 53
528 44
529 32
530 54
531 46
532 34
533 33
534 29
535 42
536 51
537 34
538 35
539 34
540 55
541 46
542 35
543 41
544 47
545 44
546 37
547 48
548 47
549 36
550 37
551 34
552 40
553 44
554 28
555 29
556 32
557 43
558 34
559 31
560 34
561 45
562 31
563 36
564 34
565 47
566 32
567 39
568 31
569 41
570 39
571 40
572 30
573 32
574 35
575 29
576 26
577 31
578 28
579 28
580 26
581 37
582 28
583 23
584 20
585 24
586 28
587 39
588 30
589 26
590 25
591 33
592 28
593 23
594 24
595 26
596 38
597 30
598 38
599 27
600 37
601 24
602 31
603 43
604 17
605 24
606 25
607 36
608 28
609 24
610 33
611 37
612 21
613 22
614 26
615 15
616 31
617 24
618 19
619 30
620 33
621 14
622 22
623 18
624 23
625 34
626 33
627 18
628 20
629 30
630 28
631 23
632 33
633 26
634 27
635 26
636 24
637 29
638 27
639 27
640 17
641 29
642 24
643 22
644 31
645 17
646 18
647 16
648 18
649 27
650 32
651 15
652 27
653 28
654 21
655 23
656 13
657 30
658 15
659 15
660 25
661 20
662 24
663 26
664 34
665 27
666 31
667 24
668 32
669 23
670 33
671 18
672 23
673 15
674 23
675 19
676 17
677 32
678 21
679 16
680 12
681 16
682 22
683 18
684 29
685 17
686 21
687 23
688 22
689 19
690 24
691 20
692 13
693 20
694 26
695 19
696 25
697 14
698 29
699 19
700 24
701 12
702 20
703 28
704 23
705 22
706 18
707 30
708 19
709 23
710 21
711 18
712 17
713 20
714 21
715 17
716 12
717 19
718 16
719 22
720 21
721 12
722 18
723 20
724 16
725 7
726 28
727 17
728 21
729 27
730 22
731 13
732 19
733 19
734 22
735 19
736 27
737 13
738 25
739 27
740 28
741 16
742 27
743 22
744 16
745 23
746 23
747 15
748 23
749 19
750 17
751 22
752 20
753 19
754 14
755 12
756 13
757 14
758 16
759 17
760 12
761 15
762 16
763 19
764 13
765 15
766 18
767 12
768 12
769 10
770 19
771 17
772 12
773 9
774 13
775 17
776 10
777 13
778 6
779 9
780 14
781 8
782 13
783 20
784 32
785 15
786 14
787 15
788 15
789 12
790 17
791 21
792 12
793 22
794 19
795 14
796 14
797 11
798 16
799 12
800 15
801 11
802 8
803 10
804 7
805 14
806 14
807 17
808 22
809 10
810 30
811 17
812 22
813 16
814 10
815 7
816 8
817 13
818 14
819 22
820 16
821 20
822 14
823 10
824 15
825 20
826 14
827 13
828 14
829 15
830 9
831 18
832 9
833 12
834 13
835 19
836 18
837 18
838 13
839 18
840 15
841 11
842 11
843 11
844 11
845 25
846 18
847 8
848 14
849 14
850 16
851 19
852 10
853 16
854 10
855 6
856 7
857 9
858 17
859 19
860 20
861 13
862 13
863 8
864 12
865 12
866 9
867 16
868 14
869 16
870 27
871 19
872 16
873 5
874 15
875 10
876 12
877 15
878 12
879 14
880 12
881 11
882 11
883 15
884 9
885 15
886 18
887 13
888 8
889 15
890 15
891 11
892 9
893 10
894 13
895 10
896 9
897 11
898 12
899 17
900 17
901 10
902 13
903 8
904 8
905 17
906 9
907 10
908 14
909 13
910 10
911 11
912 10
913 14
914 17
915 3
916 16
917 9
918 6
919 11
920 12
921 7
922 6
923 12
924 10
925 12
926 18
927 16
928 16
929 13
930 31
931 5
932 9
933 14
934 12
935 8
936 12
937 13
938 17
939 12
940 12
941 9
942 8
943 7
944 9
945 8
946 8
947 11
948 9
949 7
950 10
951 18
952 258
953 250
954 7
955 11
956 13
957 9
958 12
959 9
960 19
961 10
962 12
963 8
964 13
965 8
966 26
967 4
968 8
969 12
970 6
971 3
972 4
973 9
974 12
975 4
976 13
977 3
978 9
979 24
980 4
981 4
982 12
983 9
984 3
985 5
986 10
987 12
988 14
989 10
990 16
991 12
992 4
993 10
994 10
995 6
996 9
997 6
998 5
999 12
1000 22
1001 11
1002 11
1003 13
1004 15
1005 9
1006 16
1007 13
1008 8
1009 8
1010 10
1011 13
1012 6
1013 10
1014 13
1015 15
1016 8
1017 11
1018 9
1019 8
1020 17
1021 7
1022 9
1023 10
1024 14
1025 12
1026 6
1027 12
1028 8
1029 9
1030 8
1031 3
1032 5
1033 6
1034 5
1035 13
1036 7
1037 13
1038 5
1039 4
1040 12
1041 14
1042 17
1043 12
1044 11
1045 16
1046 16
1047 8
1048 8
1049 12
1050 13
1051 7
1052 3
1053 7
1054 4
1055 5
1056 5
1057 8
1058 4
1059 9
1060 6
1061 8
1062 8
1063 12
1064 9
1065 20
1066 8
1067 9
1068 5
1069 7
1070 4
1071 9
1072 9
1073 11
1074 7
1075 7
1076 7
1077 6
1078 5
1079 6
1080 11
1081 6
1082 5
1083 9
1084 7
1085 5
1086 9
1087 11
1088 7
1089 7
1090 6
1091 9
1092 5
1093 5
1094 5
1095 15
1096 8
1097 11
1098 7
1099 7
1100 5
1101 6
1102 14
1103 9
1104 3
1105 7
1106 10
1107 6
1108 12
1109 5
1110 7
1111 8
1112 5
1113 5
1114 2
1115 3
1116 8
1117 9
1118 9
1119 8
1120 10
1121 5
1122 4
1123 8
1124 4
1125 7
1126 8
1127 7
1128 2
1129 3
1130 4
1131 6
1132 6
1133 1
1134 12
1135 5
1136 3
1137 4
1138 8
1139 6
1140 5
1141 2
1142 4
1143 6
1144 3
1145 2
1146 7
1147 5
1148 5
1149 5
1150 7
1151 5
1152 11
1154 11
1155 3
1156 5
1157 3
1158 8
1159 11
1160 7
1161 6
1162 13
1163 4
1164 3
1165 1
1166 6
1167 5
1168 3
1169 8
1170 13
1171 7
1172 8
1173 10
1174 3
1175 2
1176 7
1177 4
1178 5
1179 11
1180 11
1181 16
1182 4
1183 12
1184 7
1185 9
1186 3
1187 6
1188 7
1189 6
1190 6
1191 6
1192 2
1193 9
1194 6
1195 9
1196 5
1197 5
1198 16
1199 5
1200 10
1201 1
1202 5
1203 3
1204 8
1205 4
1206 5
1207 5
1208 3
1209 4
1210 9
1211 11
1212 2
1213 8
1214 12
1215 6
1216 7
1217 8
1218 3
1219 7
1220 5
1221 5
1222 4
1223 7
1224 8
1225 10
1226 5
1227 2
1228 4
1229 7
1230 7
1231 4
1232 6
1233 3
1234 6
1235 3
1236 4
1237 6
1238 1
1239 3
1240 9
1241 13
1242 9
1243 11
1244 5
1245 15
1246 10
1247 8
1248 7
1249 8
1250 4
1251 8
1252 6
1253 7
1254 13
1255 11
1256 6
1257 4
1258 4
1259 13
1260 13
1262 6
1263 3
1264 4
1265 8
1267 10
1268 2
1269 3
1270 7
1271 2
1272 3
1273 3
1274 3
1275 5
1276 6
1277 4
1278 2
1279 3
1280 2
1281 6
1282 7
1283 6
1284 4
1285 7
1286 2
1287 6
1288 5
1289 6
1290 7
1291 5
1292 5
1293 5
1294 1
1295 4
1296 4
1297 12
1298 3
1299 1
1300 6
1301 11
1302 5
1303 6
1304 8
1305 8
1306 2
1307 4
1308 7
1309 6
1310 3
1311 8
1312 5
1313 5
1314 6
1315 8
1316 4
1317 4
1318 4
1319 6
1320 2
1321 2
1322 2
1323 3
1324 7
1326 5
1327 3
1328 2
1329 6
1330 9
1331 1
1332 6
1333 3
1334 7
1335 6
1336 2
1337 3
1338 4
1339 4
1340 6
1341 7
1342 5
1343 7
1344 9
1345 8
1346 5
1347 9
1348 7
1349 2
1350 5
1351 12
1352 5
1353 5
1354 4
1355 4
1356 4
1357 4
1359 3
1360 6
1361 3
1362 8
1363 9
1364 3
1365 5
1366 7
1367 6
1368 4
1369 3
1370 6
1371 4
1372 6
1373 3
1374 7
1375 7
1376 7
1377 5
1378 8
1379 3
1380 6
1381 6
1382 6
1383 5
1384 6
1385 7
1386 5
1387 5
1388 6
1389 6
1390 1
1391 5
1392 5
1393 9
1394 8
1395 4
1396 3
1397 6
1398 5
1399 5
1400 3
1401 4
1402 4
1403 4
1404 2
1405 5
1406 4
1407 5
1408 2
1409 1
1410 2
1411 2
1412 6
1413 7
1414 4
1415 4
1416 4
1417 4
1418 11
1419 6
1420 6
1421 2
1422 15
1423 12
1424 8
1425 11
1426 4
1427 11
1428 3
1429 12
1430 8
1431 12
1432 7
1433 6
1434 2
1435 3
1436 3
1437 7
1438 9
1439 2
1440 4
1441 3
1442 4
1443 5
1444 6
1445 8
1446 8
1447 2
1448 5
1449 4
1450 3
1451 3
1452 3
1453 3
1454 7
1455 5
1456 2
1457 1
1458 3
1459 6
1460 5
1461 9
1462 9
1463 3
1464 5
1465 1
1466 1
1467 1
1468 7
1469 12
1470 5
1471 12
1472 6
1473 9
1474 7
1475 4
1476 1
1477 4
1478 4
1479 4
1480 8
1481 3
1482 2
1483 4
1484 7
1485 3
1486 2
1487 2
1488 4
1489 8
1490 1
1491 4
1492 5
1493 4
1494 5
1495 8
1496 6
1497 5
1498 6
1499 4
1500 2
1501 8
1502 7
1504 3
1505 2
1506 4
1507 1
1508 8
1509 7
1511 1
1512 2
1513 7
1514 2
1515 4
1516 1
1517 2
1518 1
1519 4
1520 7
1521 8
1522 6
1523 3
1524 12
1525 7
1526 4
1527 4
1528 4
1529 5
1530 4
1531 5
1532 5
1533 4
1534 4
1535 5
1536 3
1537 3
1538 3
1539 1
1540 4
1541 3
1542 3
1543 1
1544 1
1545 5
1546 3
1547 2
1548 8
1549 4
1550 2
1551 1
1553 3
1554 3
1555 4
1557 9
1558 2
1559 1
1560 4
1561 4
1562 4
1564 5
1566 3
1567 2
1568 4
1569 3
1570 2
1571 2
1572 4
1573 4
1574 5
1575 8
1576 2
1577 1
1578 1
1579 1
1580 3
1581 3
1582 2
1583 2
1584 5
1585 4
1586 1
1587 6
1589 4
1590 4
1591 3
1592 2
1593 2
1594 5
1595 2
1596 3
1597 4
1598 2
1599 2
1600 2
1601 2
1602 2
1603 5
1604 3
1605 2
1606 5
1607 1
1609 3
1611 5
1613 7
1614 2
1615 3
1616 4
1617 9
1618 4
1619 2
1620 7
1621 3
1622 2
1623 4
1624 2
1625 1
1626 3
1627 5
1628 2
1629 3
1630 3
1631 1
1632 2
1634 4
1635 1
1636 1
1637 1
1639 2
1640 7
1641 4
1642 4
1643 7
1644 2
1645 5
1646 3
1647 3
1648 2
1649 1
1650 5
1651 2
1652 4
1653 3
1654 3
1655 6
1656 1
1657 5
1658 3
1660 3
1661 1
1663 1
1664 3
1665 2
1666 2
1667 4
1668 7
1669 3
1670 2
1671 2
1672 2
1673 3
1674 5
1675 2
1676 3
1677 1
1678 1
1679 2
1680 2
1681 1
1682 7
1683 4
1684 6
1685 1
1686 3
1687 2
1688 6
1689 6
1690 7
1691 7
1692 3
1693 2
1694 4
1695 10
1696 1
1697 1
1698 4
1699 2
1700 5
1701 3
1702 1
1703 2
1704 4
1705 1
1706 2
1707 3
1708 3
1709 1
1710 3
1711 7
1712 1
1713 2
1714 4
1715 3
1716 2
1717 2
1718 3
1719 2
1720 4
1721 6
1722 1
1723 1
1724 7
1725 2
1726 4
1727 3
1728 2
1729 2
1730 2
1731 8
1732 5
1733 1
1734 3
1735 3
1737 3
1738 1
1739 2
1740 3
1741 1
1742 2
1743 5
1744 2
1745 4
1746 1
1747 4
1748 4
1749 4
1750 4
1751 9
1753 3
1754 4
1755 2
1756 4
1757 2
1758 1
1759 3
1760 6
1761 2
1762 2
1763 1
1764 1
1765 1
1766 1
1767 3
1768 1
1769 5
1770 3
1771 2
1772 1
1773 1
1775 3
1776 6
1777 9
1778 5
1779 3
1780 3
1782 4
1783 2
1784 5
1785 1
1786 2
1788 3
1789 1
1791 1
1792 2
1793 1
1794 3
1795 2
1796 1
1798 3
1799 3
1801 3
1802 2
1804 2
1805 2
1807 3
1808 2
1809 1
1810 2
1811 4
1812 3
1813 4
1815 3
1816 2
1817 3
1818 1
1822 5
1824 4
1825 1
1826 4
1827 2
1828 3
1829 4
1830 5
1831 2
1832 4
1833 2
1837 2
1838 5
1839 5
1840 5
1841 2
1842 3
1843 3
1844 3
1845 5
1846 2
1847 6
1849 1
1851 4
1852 2
1853 8
1854 1
1855 5
1856 1
1857 3
1858 1
1859 3
1860 2
1861 1
1862 2
1863 1
1864 5
1865 1
1866 1
1867 2
1868 2
1870 5
1871 3
1872 4
1873 1
1874 3
1875 3
1876 3
1877 2
1878 2
1879 2
1881 6
1883 2
1884 2
1885 4
1886 1
1887 3
1888 2
1889 2
1890 1
1891 1
1892 3
1893 3
1894 2
1895 2
1897 3
1898 2
1899 4
1900 3
1901 2
1902 1
1903 3
1904 4
1905 1
1906 2
1907 5
1908 1
1909 1
1910 3
1911 3
1912 4
1913 2
1914 7
1915 4
1917 4
1918 5
1919 2
1920 2
1921 4
1922 1
1925 3
1926 1
1927 4
1928 2
1929 6
1930 4
1931 4
1932 1
1933 5
1934 4
1935 5
1936 3
1939 1
1940 1
1942 3
1943 2
1944 1
1945 1
1946 1
1947 1
1948 1
1950 1
1951 4
1952 3
1953 5
1954 2
1955 1
1956 3
1957 1
1958 5
1959 1
1960 1
1961 1
1962 1
1963 2
1964 2
1965 1
1966 3
1967 7
1968 2
1969 4
1970 1
1971 1
1973 1
1974 1
1975 2
1976 2
1977 4
1978 2
1979 3
1980 4
1982 5
1983 1
1984 3
1985 1
1986 4
1987 2
1988 4
1989 1
1990 2
1991 1
1993 1
1994 1
1995 2
1996 2
1997 1
1998 3
1999 2
2000 4
2002 2
2004 2
2005 1
2008 3
2009 1
2011 2
2012 2
2015 3
2019 2
2021 1
2022 1
2023 1
2024 5
2025 2
2027 1
2028 2
2029 1
2030 1
2032 4
2033 2
2034 3
2035 1
2037 4
2038 3
2040 1
2042 4
2043 3
2044 1
2045 5
2046 3
2047 2
2048 1
2049 1
2050 2
2051 1
2052 2
2053 1
2055 1
2057 1
2058 2
2059 2
2060 2
2061 1
2065 1
2067 1
2068 3
2070 3
2071 3
2072 4
2073 4
2074 2
2075 2
2076 1
2077 3
2078 5
2080 1
2081 1
2082 2
2084 1
2086 4
2087 1
2088 2
2091 2
2092 3
2093 2
2096 1
2097 2
2098 2
2099 3
2100 3
2101 3
2102 1
2103 1
2104 2
2106 2
2108 1
2109 1
2111 1
2112 2
2113 1
2114 2
2115 2
2116 3
2117 2
2118 2
2120 1
2123 1
2124 1
2125 1
2126 2
2127 5
2130 1
2131 1
2133 2
2134 1
2135 1
2136 3
2137 2
2138 1
2139 5
2140 1
2142 1
2143 1
2145 4
2146 1
2148 3
2150 4
2153 2
2154 1
2155 1
2156 3
2157 1
2158 4
2159 1
2162 3
2163 1
2164 3
2165 1
2166 3
2168 2
2171 4
2173 2
2174 2
2176 1
2178 1
2181 1
2185 1
2187 3
2188 4
2189 3
2190 4
2192 3
2195 2
2196 3
2197 4
2198 4
2199 4
2200 5
2202 1
2204 2
2205 5
2206 1
2207 1
2208 9
2209 1
2210 3
2211 2
2212 1
2219 2
2220 4
2222 2
2224 1
2225 3
2227 2
2228 1
2229 3
2231 5
2232 1
2233 5
2234 1
2235 1
2236 1
2237 1
2238 1
2240 1
2242 1
2243 1
2244 3
2246 4
2247 1
2249 1
2250 1
2252 2
2253 2
2254 2
2258 1
2260 4
2262 2
2264 2
2265 2
2266 1
2268 2
2269 1
2271 4
2272 1
2275 2
2276 3
2277 3
2278 2
2279 3
2280 1
2281 2
2282 1
2283 2
2284 2
2286 2
2287 2
2289 2
2291 3
2292 2
2293 1
2295 8
2296 1
2298 2
2299 2
2300 2
2302 2
2303 1
2307 1
2308 1
2309 1
2311 3
2313 3
2314 1
2315 1
2316 3
2318 2
2322 2
2324 1
2325 2
2326 2
2327 1
2328 5
2330 1
2333 1
2335 3
2337 1
2338 1
2340 1
2342 2
2343 5
2347 4
2348 2
2349 2
2350 1
2351 3
2352 3
2354 2
2355 2
2356 2
2357 2
2358 1
2359 1
2364 1
2365 4
2366 1
2369 3
2370 3
2371 3
2372 1
2373 3
2374 1
2375 3
2377 3
2378 1
2380 1
2381 1
2382 1
2383 2
2384 2
2385 2
2387 2
2389 1
2390 2
2392 3
2393 1
2394 4
2395 1
2396 2
2397 3
2398 2
2399 1
2402 1
2404 1
2405 1
2406 1
2409 1
2411 1
2413 1
2415 1
2416 3
2419 3
2420 3
2422 1
2424 1
2427 1
2428 1
2429 1
2430 1
2431 2
2432 1
2433 3
2435 1
2437 2
2439 1
2440 1
2442 3
2443 4
2445 1
2446 1
2447 2
2448 2
2449 1
2450 1
2452 3
2453 2
2454 4
2455 1
2457 3
2460 1
2461 1
2463 1
2464 1
2465 2
2466 2
2467 1
2468 4
2471 3
2472 1
2474 1
2479 1
2480 1
2481 2
2482 1
2484 1
2485 1
2486 2
2487 1
2488 2
2489 2
2490 1
2491 1
2494 3
2495 1
2496 2
2497 1
2498 1
2499 1
2500 1
2501 1
2502 1
2503 3
2505 4
2506 2
2507 1
2508 3
2510 1
2512 3
2513 1
2514 2
2515 3
2516 2
2518 1
2519 1
2520 2
2521 3
2522 1
2523 2
2525 1
2527 1
2528 1
2532 2
2534 1
2535 1
2536 1
2539 2
2542 1
2545 2
2547 1
2548 1
2550 1
2551 1
2552 1
2554 3
2558 3
2559 3
2560 2
2561 1
2563 3
2564 1
2566 3
2567 1
2568 2
2570 1
2571 3
2573 3
2574 1
2575 1
2577 2
2578 1
2579 3
2581 2
2582 1
2583 2
2585 2
2587 2
2589 3
2590 1
2592 1
2593 1
2594 2
2596 1
2597 2
2600 1
2602 4
2603 1
2606 1
2609 3
2610 2
2612 3
2613 3
2614 1
2616 3
2619 2
2621 1
2623 1
2624 1
2625 1
2627 2
2629 3
2630 2
2632 1
2636 2
2640 1
2641 2
2645 2
2650 1
2651 2
2654 1
2655 2
2656 1
2658 2
2660 2
2666 1
2667 3
2668 2
2675 1
2676 2
2677 1
2680 2
2682 1
2683 1
2684 1
2685 1
2687 1
2688 1
2689 3
2690 1
2691 1
2692 1
2693 2
2694 2
2695 1
2697 1
2698 1
2702 1
2703 1
2704 1
2709 1
2710 1
2711 2
2712 1
2719 2
2721 1
2722 2
2725 1
2726 1
2727 2
2729 1
2733 1
2737 2
2738 2
2740 1
2747 1
2749 3
2750 2
2751 2
2752 1
2754 1
2756 4
2757 1
2758 5
2759 1
2761 3
2762 1
2770 1
2771 4
2776 2
2780 2
2781 1
2783 2
2784 2
2787 4
2788 1
2789 2
2794 1
2796 1
2797 1
2798 1
2799 5
2800 5
2801 2
2804 1
2805 1
2806 3
2807 2
2808 1
2809 1
2810 1
2811 2
2812 1
2814 1
2816 3
2817 2
2819 1
2820 1
2821 1
2824 2
2825 1
2827 2
2833 2
2834 1
2836 1
2837 2
2840 1
2842 1
2843 1
2846 6
2848 1
2849 1
2851 3
2852 2
2853 1
2856 3
2859 1
2861 1
2866 1
2867 3
2868 1
2869 1
2872 1
2876 4
2877 1
2881 2
2882 2
2886 2
2888 2
2889 1
2890 2
2894 1
2897 1
2898 1
2899 1
2901 2
2902 1
2903 2
2904 4
2905 2
2906 1
2910 1
2912 1
2914 2
2917 1
2918 3
2919 1
2920 1
2923 2
2925 2
2926 1
2928 1
2931 2
2933 1
2934 2
2936 3
2938 2
2940 3
2941 1
2943 1
2944 2
2945 2
2946 1
2949 3
2950 1
2951 1
2952 1
2953 1
2956 1
2957 1
2963 1
2964 2
2965 2
2966 1
2967 1
2971 5
2972 3
2973 1
2974 1
2975 2
2976 1
2977 1
2980 2
2981 2
2982 2
2983 3
2984 1
2985 1
2986 2
2988 1
2989 1
2990 1
2991 2
2993 1
2994 3
2996 1
2999 1
3000 3
3001 2
3002 1
3004 2
3005 1
3009 1
3011 3
3013 1
3016 4
3017 2
3019 2
3020 2
3021 1
3023 1
3027 1
3032 5
3033 2
3038 1
3039 2
3040 1
3041 1
3043 3
3045 1
3046 2
3047 1
3048 1
3049 2
3050 1
3051 1
3054 1
3055 2
3056 1
3058 1
3059 1
3060 3
3062 3
3063 1
3064 1
3065 1
3067 1
3068 3
3072 1
3074 1
3075 2
3079 1
3080 1
3081 1
3082 1
3083 1
3084 3
3085 1
3088 1
3089 2
3090 1
3093 2
3097 1
3100 1
3101 1
3103 1
3105 1
3106 2
3109 1
3114 2
3116 1
3117 1
3118 2
3120 2
3121 4
3123 2
3124 1
3131 2
3132 2
3134 1
3135 1
3138 1
3141 1
3142 3
3145 2
3151 2
3153 2
3163 1
3167 1
3169 1
3170 1
3171 2
3172 6
3173 2
3176 2
3177 3
3178 2
3180 1
3183 1
3184 2
3187 1
3189 3
3190 1
3192 2
3196 1
3198 2
3199 1
3204 1
3205 1
3206 1
3209 1
3214 1
3216 1
3217 1
3219 1
3220 2
3221 1
3223 2
3226 2
3230 1
3231 2
3235 1
3238 1
3239 1
3245 1
3248 1
3250 1
3255 1
3257 1
3258 1
3260 1
3266 2
3269 1
3276 1
3282 1
3283 2
3285 1
3286 1
3288 3
3289 2
3292 1
3293 1
3294 3
3295 3
3297 2
3302 3
3303 3
3304 1
3306 1
3311 1
3313 1
3323 1
3324 1
3328 1
3330 1
3334 2
3336 2
3337 1
3338 1
3339 1
3340 1
3342 2
3344 1
3345 3
3346 1
3348 2
3350 1
3351 1
3355 1
3356 1
3357 1
3359 4
3364 1
3365 1
3368 1
3370 2
3372 1
3373 2
3376 1
3377 1
3379 1
3383 1
3384 1
3388 2
3390 2
3391 1
3392 2
3393 2
3394 1
3397 1
3401 1
3402 1
3405 1
3409 1
3410 2
3412 1
3413 1
3419 1
3421 1
3427 1
3430 1
3432 1
3433 1
3437 2
3439 3
3440 1
3441 1
3442 2
3451 2
3452 2
3457 1
3460 3
3461 3
3462 3
3463 1
3466 2
3473 1
3476 1
3478 1
3481 1
3483 2
3486 1
3487 1
3489 2
3490 1
3491 1
3492 1
3494 2
3495 1
3496 1
3497 1
3498 2
3499 2
3500 2
3501 1
3505 1
3506 2
3507 1
3508 3
3513 1
3517 1
3520 2
3522 1
3527 1
3528 1
3535 1
3538 1
3539 1
3543 2
3549 1
3554 1
3557 2
3559 1
3562 2
3563 1
3572 1
3573 1
3575 1
3579 1
3586 2
3589 1
3590 3
3591 2
3592 1
3598 3
3602 1
3609 2
3611 1
3614 1
3615 4
3617 1
3618 5
3619 2
3620 6
3621 2
3622 3
3623 2
3624 5
3625 2
3627 1
3628 3
3629 3
3630 1
3631 1
3632 2
3636 1
3639 3
3640 4
3641 1
3642 1
3643 1
3644 1
3647 4
3649 1
3650 1
3651 2
3652 2
3653 3
3654 4
3655 1
3657 1
3660 2
3661 1
3665 1
3666 1
3669 1
3670 1
3673 1
3676 1
3678 1
3682 1
3687 1
3690 1
3698 2
3702 2
3705 1
3710 1
3715 1
3718 2
3719 1
3720 1
3727 1
3732 2
3735 1
3738 1
3747 2
3751 1
3753 1
3756 1
3759 1
3761 2
3762 2
3773 1
3774 2
3775 1
3777 1
3778 1
3779 1
3781 1
3784 1
3785 2
3789 1
3795 1
3797 1
3800 1
3810 1
3815 2
3816 1
3817 1
3823 2
3826 1
3830 2
3831 1
3836 1
3838 1
3839 1
3840 2
3845 2
3848 1
3850 1
3851 2
3852 1
3856 2
3859 1
3860 4
3868 2
3874 2
3876 1
3877 1
3880 1
3882 1
3883 1
3885 1
3888 1
3890 1
3893 2
3898 1
3899 2
3902 3
3905 2
3907 3
3910 1
3916 1
3922 2
3923 2
3924 1
3926 1
3928 1
3929 2
3931 1
3932 1
3934 2
3936 1
3937 1
3938 1
3939 1
3940 1
3942 1
3943 1
3944 1
3946 1
3947 1
3976 1
3986 2
3989 1
3993 1
3994 2
4003 2
4005 1
4006 2
4007 1
4016 1
4019 1
4025 1
4048 1
4051 2
4059 1
4066 2
4070 2
4079 1
4087 2
4088 1
4090 2
4091 1
4093 2
4094 2
4095 1
4096 1
4097 2
4098 1
4104 2
4105 3
4106 1
4107 1
4109 1
4110 2
4119 1
4120 1
4124 1
4127 1
4137 1
4140 1
4141 1
4142 1
4148 2
4149 1
4154 1
4159 1
4162 1
4164 1
4166 1
4173 2
4176 1
4182 1
4186 2
4199 1
4201 2
4203 1
4209 2
4212 1
4215 1
4219 1
4233 2
4235 1
4240 2
4245 1
4252 1
4255 1
4270 1
4276 1
4279 1
4283 1
4292 2
4294 1
4299 1
4304 1
4319 1
4321 1
4323 1
4324 1
4326 1
4330 1
4336 1
4343 3
4344 1
4352 1
4355 1
4361 1
4363 1
4370 1
4378 1
4384 1
4390 1
4391 1
4392 1
4393 1
4395 1
4400 1
4406 1
4410 2
4415 1
4419 2
4432 1
4446 1
4448 1
4453 1
4456 1
4461 1
4462 2
4467 1
4468 1
4471 2
4479 1
4483 1
4484 1
4487 1
4491 2
4493 1
4495 2
4496 1
4509 2
4514 2
4515 1
4516 1
4522 1
4528 1
4530 1
4537 2
4540 1
4543 1
4554 1
4555 2
4558 1
4576 2
4578 1
4582 1
4586 3
4587 1
4588 1
4592 3
4607 1
4611 1
4619 1
4620 1
4625 1
4627 1
4633 2
4638 1
4641 1
4644 1
4645 1
4649 1
4650 1
4652 1
4656 1
4658 1
4661 1
4666 1
4667 1
4668 2
4669 1
4674 1
4680 1
4684 1
4685 1
4694 1
4709 1
4721 2
4723 1
4726 1
4730 1
4736 2
4738 1
4752 2
4755 2
4757 1
4759 2
4762 3
4765 1
4766 1
4771 1
4780 1
4784 1
4785 1
4786 1
4789 1
4800 1
4803 1
4804 1
4819 1
4825 1
4826 1
4827 1
4831 1
4843 1
4846 3
4847 2
4849 1
4851 1
4858 1
4859 1
4860 1
4862 1
4871 1
4877 1
4882 3
4887 1
4892 1
4894 3
4898 1
4902 3
4904 3
4908 2
4911 2
4917 2
4918 1
4929 1
4934 1
4954 1
4973 2
4980 1
4986 1
4988 3
4989 2
4990 1
4992 4
4993 2
4994 1
4996 1
4997 2
5000 2
5001 4
5002 1
5004 1
5006 1
5009 1
5010 1
5012 2
5016 1
5018 2
5030 1
5032 1
5037 1
5040 1
5041 3
5051 1
5060 1
5062 1
5069 2
5070 1
5075 1
5076 1
5077 1
5078 1
5081 1
5084 2
5086 3
5094 2
5099 1
5100 1
5104 2
5105 1
5108 1
5109 1
5112 1
5130 1
5131 1
5133 1
5141 1
5158 1
5166 1
5169 1
5170 1
5171 1
5172 1
5179 2
5183 1
5201 1
5205 1
5209 1
5224 1
5225 1
5227 1
5233 1
5234 1
5238 1
5259 1
5266 1
5272 1
5276 1
5277 1
5300 2
5302 1
5308 1
5311 1
5314 1
5328 1
5330 1
5333 1
5337 1
5345 1
5347 1
5352 1
5357 1
5368 1
5370 1
5376 2
5377 1
5380 1
5384 1
5386 3
5391 1
5396 3
5402 1
5403 1
5409 1
5411 1
5416 1
5422 1
5427 1
5431 1
5435 1
5438 1
5445 1
5448 1
5451 1
5454 2
5456 1
5457 2
5458 1
5460 1
5463 1
5465 1
5466 1
5469 1
5473 2
5474 1
5478 2
5485 1
5488 3
5490 1
5491 2
5494 1
5495 2
5496 3
5497 1
5498 1
5499 4
5500 1
5502 1
5506 2
5514 1
5517 1
5521 2
5528 1
5529 1
5534 1
5539 1
5548 2
5556 1
5579 1
5583 1
5585 1
5589 1
5590 2
5595 1
5598 1
5614 2
5621 1
5634 1
5642 2
5644 1
5647 1
5649 1
5666 1
5671 1
5675 1
5677 1
5679 1
5681 1
5692 3
5700 1
5701 1
5713 1
5716 2
5719 2
5730 1
5735 1
5743 2
5750 2
5753 1
5760 1
5763 3
5788 1
5794 1
5796 1
5808 1
5818 1
5833 2
5838 1
5840 1
5842 1
5854 2
5865 1
5866 2
5872 2
5892 1
5893 1
5901 1
5905 1
5906 1
5918 1
5921 1
5922 1
5945 1
5954 1
5957 1
5961 1
5972 1
5973 1
5980 2
5983 1
5991 1
5994 1
6001 2
6009 1
6012 1
6013 1
6017 2
6022 1
6024 1
6026 1
6027 1
6044 1
6048 2
6051 1
6071 1
6078 1
6092 1
6099 1
6101 1
6102 1
6136 1
6138 2
6140 1
6143 1
6145 1
6149 1
6159 1
6163 1
6164 2
6186 2
6196 2
6209 2
6217 1
6233 1
6235 1
6240 1
6244 1
6246 3
6261 1
6268 1
6285 1
6292 1
6294 2
6295 1
6296 1
6300 1
6302 1
6306 1
6308 1
6314 1
6321 1
6328 2
6342 1
6344 1
6347 2
6355 1
6358 1
6382 1
6383 1
6397 1
6409 1
6411 1
6412 5
6413 1
6414 1
6416 2
6420 1
6421 1
6424 1
6427 2
6443 1
6445 1
6453 1
6456 1
6457 1
6460 1
6463 1
6464 1
6473 1
6478 1
6492 1
6495 1
6496 2
6517 2
6528 1
6533 1
6546 1
6549 1
6550 1
6556 1
6567 1
6572 1
6575 1
6577 1
6586 1
6591 1
6596 1
6603 1
6610 1
6611 1
6631 1
6641 1
6645 1
6658 1
6660 1
6669 1
6681 1
6683 1
6690 1
6691 1
6697 1
6703 1
6704 1
6708 1
6713 1
6715 1
6719 1
6728 1
6731 1
6748 1
6750 1
6755 2
6788 1
6796 1
6798 1
6802 1
6814 1
6816 1
6836 1
6837 1
6845 1
6855 1
6858 1
6861 1
6862 2
6870 1
6875 1
6889 1
6890 1
6906 1
6907 1
6908 1
6911 1
6917 1
6919 1
6946 1
6960 1
6984 1
6989 1
7001 1
7002 1
7015 1
7023 1
7024 1
7078 2
7081 1
7114 1
7127 1
7143 1
7145 1
7155 1
7163 1
7164 1
7170 2
7192 1
7194 3
7196 1
7205 1
7214 1
7247 1
7252 1
7259 2
7272 2
7290 2
7343 1
7344 2
7359 1
7381 1
7428 1
7429 1
7434 1
7436 1
7449 2
7451 1
7459 1
7470 1
7480 1
7486 1
7487 1
7489 1
7519 1
7551 1
7563 1
7571 2
7580 2
7591 1
7595 1
7596 1
7656 2
7671 2
7692 1
7696 1
7725 1
7732 2
7757 1
7764 1
7782 1
7786 1
7800 1
7808 1
7824 1
7844 1
7862 1
7866 1
7879 1
7883 1
7895 1
7900 1
7909 1
7911 4
7952 1
7986 1
7995 1
7998 1
8007 1
8013 1
8017 1
8022 2
8055 1
8059 1
8071 2
8085 1
8098 1
8128 2
8143 1
8161 1
8167 1
8172 1
8179 1
8182 1
8189 1
8192 1
8195 1
8209 2
8211 1
8239 1
8268 1
8271 1
8275 2
8278 1
8281 1
8286 1
8341 1
8370 1
8374 1
8377 1
8408 1
8421 1
8435 1
8440 1
8454 1
8474 1
8477 1
8525 1
8527 1
8574 1
8609 2
8615 2
8631 2
8641 1
8657 1
8662 1
8664 1
8665 1
8682 2
8694 2
8706 1
8722 1
8734 1
8750 1
8753 1
8778 1
8784 1
8787 1
8788 1
8796 1
8803 1
8808 1
8823 2
8877 1
8879 1
8884 1
8890 2
8917 1
8947 1
8949 1
8958 1
8959 1
8965 1
9000 1
9010 1
9026 1
9045 1
9060 1
9073 1
9094 2
9096 2
9097 1
9111 1
9130 1
9156 1
9159 2
9160 1
9170 1
9219 2
9228 1
9237 1
9277 1
9289 1
9295 1
9309 1
9319 1
9345 2
9364 1
9396 1
9465 1
9471 1
9509 1
9516 1
9524 1
9579 1
9595 1
9598 1
9692 2
9699 1
9703 1
9708 1
9710 1
9717 1
9719 1
9735 1
9741 1
9745 1
9769 1
9771 1
9831 1
9884 1
9892 1
9897 1
9901 1
9907 2
9915 1
9916 1
9929 1
9932 1
9959 3
9962 1
9991 1
9994 1
10000 1
10002 3
10003 2
10012 1
10024 1
10041 1
10092 2
10096 1
10107 2
10108 3
10124 1
10125 1
10139 1
10143 2
10219 1
10255 1
10258 1
10290 1
10321 1
10350 1
10351 1
10374 1
10377 1
10384 1
10402 1
10474 1
10477 1
10484 1
10513 1
10515 1
10528 1
10549 1
10558 1
10564 1
10587 1
10616 1
10642 1
10647 1
10658 1
10683 1
10697 2
10699 1
10718 2
10756 1
10767 1
10773 1
10776 1
10788 1
10817 1
10824 1
10870 1
10913 1
10932 2
11004 1
11027 1
11111 1
11115 1
11136 1
11145 1
11162 1
11215 1
11218 1
11242 1
11245 1
11258 1
11261 1
11285 1
11351 1
11353 1
11359 1
11367 1
11368 1
11377 2
11385 1
11388 1
11400 1
11408 1
11450 1
11456 1
11457 1
11490 2
11494 1
11516 1
11531 1
11583 2
11591 1
11715 1
11742 1
11743 1
11798 1
11802 1
11824 1
11829 1
11992 1
12021 2
12022 1
12026 1
12040 1
12048 1
12050 1
12149 1
12231 1
12287 1
12289 1
12294 3
12296 2
12303 1
12383 1
12418 3
12419 1
12485 1
12495 1
12533 1
12558 1
12585 1
12609 1
12653 1
12672 1
12707 1
12769 2
12823 1
12848 2
12883 1
12890 1
12943 1
12960 1
12997 1
13059 1
13086 1
13105 1
13110 1
13123 1
13136 1
13166 1
13168 1
13178 1
13210 1
13240 3
13241 1
13275 2
13281 1
13424 1
13440 2
13502 1
13579 1
13600 1
13601 1
13619 1
13633 1
13669 1
13703 1
13772 1
13776 1
13788 1
13801 2
13841 1
13935 1
14089 2
14234 1
14365 1
14492 1
14514 1
14528 1
14582 2
14644 1
14751 1
14867 1
14884 1
14924 1
14932 1
14969 1
14990 1
15014 1
15046 1
15047 1
15067 1
15139 2
15182 1
15192 1
15238 1
15260 1
15265 1
15332 1
15376 2
15398 2
15510 1
15609 1
15620 1
15680 1
15746 1
15788 1
15789 1
15929 2
16001 2
16022 1
16056 1
16086 1
16105 1
16247 1
16285 1
16358 1
16384 1
16386 1
16401 1
16501 1
16513 1
16653 1
16748 1
16858 1
16924 1
16964 1
17074 1
17089 1
17266 1
17271 1
17337 1
17350 1
17613 1
17782 1
17784 2
17832 1
17834 1
17914 1
17934 1
18016 1
18147 1
18190 1
18199 1
18250 1
18341 1
18387 1
18388 21
18468 1
18474 1
18503 1
18542 1
18597 1
18606 1
18661 1
18819 1
18841 1
18862 1
18991 1
19024 1
19295 1
19567 1
19570 1
19762 1
19911 1
19916 1
20001 2
20051 1
20149 1
20305 1
20457 1
20562 1
20688 2
20949 1
21190 1
21206 1
21321 1
21542 1
21555 1
21596 1
21614 1
21667 1
21745 1
21832 1
21977 1
22108 1
22391 2
22480 1
22681 1
22719 1
22871 1
23189 1
23234 1
23285 1
23450 1
23456 1
23590 1
23708 1
23966 1
24239 1
24354 1
24401 1
24422 1
24442 1
24727 1
24941 1
25456 1
25527 1
25634 1
25814 1
25877 1
25920 1
25972 1
26094 1
26120 1
26344 1
26587 1
26932 1
27080 1
27412 1
27600 1
27953 1
28564 1
28777 1
28798 1
28804 1
28904 1
29046 1
29355 1
29549 1
29677 1
29872 1
29949 1
30000 1
30001 1
30741 1
30822 1
30852 2
30868 1
31498 1
31538 1
31678 1
31725 1
32064 1
32243 1
32529 1
32536 1
32709 1
32756 2
32768 1
32769 2
32770 2
33196 1
33231 1
33547 1
33565 2
33769 1
33808 1
34068 1
34114 1
34328 1
34460 1
34652 1
34748 1
35061 1
35120 1
36968 1
37014 1
37489 1
37765 1
38073 1
38220 1
38301 1
39052 1
39350 1
39372 1
39927 1
40674 1
40691 1
41262 2
43176 1
43190 1
43486 1
43600 1
44269 1
44328 1
44860 1
45690 1
45714 1
46001 1
46500 1
46503 1
46583 1
48583 1
48694 2
49042 1
49496 1
49742 1
51142 1
51593 1
51603 2
51698 1
52281 1
53346 1
53706 1
53999 1
55299 1
55892 1
56133 1
56962 2
57644 1
58634 1
59193 1
59499 1
59517 1
60201 1
60403 1
60698 1
60822 1
60894 1
61368 1
61912 1
62734 2
62880 1
63154 1
63398 1
63671 1
65536 1
65538 1
67200 1
68079 1
68690 1
68832 1
69611 1
71384 1
73120 1
73558 1
73642 1
74235 1
74270 1
74543 1
74970 1
77356 1
80754 1
80781 1
82700 1
83136 1
83644 1
84740 1
85321 1
87030 1
88062 1
91243 1
91339 1
91978 1
99781 1
100000 1
100182 1
101144 1
104919 1
109414 1
110668 1
123587 1
130109 1
131072 1
131074 1
131810 1
134538 1
134759 1
136350 1
140053 1
143051 1
145140 1
147190 1
148338 1
148614 1
149084 1
150159 1
154753 1
157084 1
163445 1
173318 2
178680 1
183363 2
189375 1
195361 1
198949 1
201396 1
202230 1
208905 1
211302 1
216731 1
219283 1
233040 1
238290 1
242559 1
247220 1
252153 1
256898 1
259859 1
298104 1
317172 1
350419 2
409320 1
427999 1
430660 1
462502 1
503533 1
506084 1
658552 1
684528 1
691885 1
860956 1
861694 1
1189485 1
1370327 1
1437431 1
1590032 1
2436231 1
33637488 1
